stock_id,stock_name,Open,High,Low,Close,rsi_6,odds
1453,大將,19.5,21.45,19.15,21.45,100.0,0.78
4804,大略-KY,21.0,23.1,21.55,23.1,100.0,0.79
4171,瑞基,156.5,164.0,150.5,159.5,100.0,0.72
4133,亞諾法,71.7,72.8,65.4,66.5,16.67,0.27
6242,立康,72.0,73.9,64.8,64.8,100.0,0.34
8409,商之器,29.4,30.2,26.65,26.65,60.23,0.39
3434,哲固,33.2,36.5,33.5,36.5,95.0,0.95
6291,沛亨,67.5,69.7,66.8,68.4,100.0,0.79
2743,山富,59.6,62.5,57.0,57.7,44.23,0.49
3011,今皓,24.1,24.3,23.0,23.15,73.39,0.46
5603,陸海,52.4,54.2,52.3,52.4,0.0,0.51
1605,華新,43.8,46.0,42.5,43.95,100.0,0.22
4736,泰博,278.5,283.0,260.0,270.0,15.0,0.37
3708,上緯投控,132.0,145.0,134.0,145.0,100.0,0.9
8087,華鎂鑫,45.0,46.0,43.5,44.9,98.38,0.65
1760,寶齡富錦,142.0,144.0,130.0,137.5,68.0,0.43
4127,天良,18.45,20.25,18.5,19.2,100.0,0.41
6236,康呈,16.5,16.5,16.5,16.5,87.5,0.51
6508,惠光,54.1,55.2,49.25,51.0,33.33,0.33
4121,優盛,28.7,30.0,27.1,28.3,82.11,0.3
8176,智捷,12.6,12.9,11.8,11.9,68.89,0.31
6470,宇智,55.7,60.5,56.2,58.8,100.0,0.63
3558,神準,175.5,178.5,170.0,173.5,14.58,0.46
1732,毛寶,49.85,51.5,44.9,44.9,52.69,0.35
3642,駿熠電,10.25,10.3,9.9,10.0,96.31,0.55
1258,其祥-KY,26.2,26.8,25.0,25.25,73.24,0.32
9802,鈺齊-KY,149.0,152.0,147.5,151.5,95.24,0.63
3664,安瑞-KY,9.68,10.6,9.98,10.6,84.11,0.57
1584,精剛,24.35,25.35,23.3,23.35,76.52,0.46
6655,科定,116.5,117.5,116.0,116.5,100.0,0.26
6598,ABC-KY,45.9,46.95,41.35,42.5,31.58,0.48
4106,雃博,38.0,38.7,34.2,34.3,75.9,0.37
6578,達邦蛋白,21.25,21.45,20.1,20.3,41.63,0.49
6199,天品,22.8,23.1,20.8,20.9,100.0,0.21
8905,裕國,26.7,29.35,27.65,29.35,92.52,0.65
1220,台榮,22.6,23.4,20.55,20.6,78.72,0.16
6806,森崴能源,119.0,124.5,116.0,122.0,100.0,0.85
5009,榮剛,33.35,34.6,30.55,31.55,73.61,0.35
4173,久裕,21.1,22.05,19.7,21.3,98.65,0.49
1219,福壽,26.15,26.95,24.3,24.45,77.61,0.45
5210,寶碩,22.05,22.7,19.95,20.1,11.59,0.27
6443,元晶,46.5,48.6,46.7,48.25,100.0,0.68
9958,世紀鋼,127.5,138.0,128.5,133.5,100.0,0.84
6581,鋼聯,108.0,110.5,104.0,106.5,68.97,0.6
4102,永日,25.0,26.15,22.75,23.45,100.0,0.22
8114,振樺電,120.0,122.5,119.0,120.5,25.0,0.6
1235,興泰,47.8,52.5,48.85,51.9,100.0,0.82
8183,精星,63.6,69.4,63.7,68.0,6.9,0.79
4175,杏一,82.2,87.3,77.5,80.8,97.5,0.51
1418,東華,17.95,19.7,16.25,19.0,100.0,0.41
1708,東鹼,61.3,62.8,57.7,59.9,31.1,0.37
3224,三顧,58.5,61.9,58.2,61.0,100.0,0.82
6703,軒郁,99.8,100.0,97.3,98.0,0.0,0.61
4402,福大,8.05,8.09,7.62,7.68,24.71,0.28
4931,新盛力,35.1,37.3,33.15,33.15,25.97,0.38
8050,廣積,48.7,49.95,47.9,49.05,67.35,0.64
6461,益得,22.8,23.7,21.2,21.5,89.13,0.46
6579,研揚,82.6,83.9,82.7,83.7,73.47,0.55
1539,巨庭,21.2,23.0,21.4,21.85,93.65,0.52
2424,隴華,21.7,21.7,21.7,21.7,43.06,0.34866666666666674
1506,正道,16.9,17.5,15.6,16.1,0.0,0.58
5493,三聯,52.1,54.0,51.7,51.9,0.0,0.61
3541,西柏,68.0,69.6,68.5,68.9,12.5,0.44
3596,智易,126.5,133.0,126.0,132.5,74.42,0.73
3207,耀勝,25.25,26.9,25.4,26.65,88.46,0.62
1762,中化生,62.5,64.3,61.2,61.7,36.78,0.28
3552,同致,152.5,161.5,150.0,150.0,3.64,0.52
2740,天蔥,24.9,27.0,27.0,27.0,100.0,0.5850238095238095
8420,明揚,43.05,46.2,44.0,44.5,74.44,0.5
1533,車王電,62.5,65.4,62.5,62.5,0.0,0.39
2417,圓剛,32.15,33.65,30.1,30.15,88.6,0.27
2634,漢翔,34.2,35.3,33.15,34.2,89.58,0.54
6174,安碁,31.45,33.0,31.75,32.15,0.0,0.58
4746,台耀,63.3,66.3,64.0,64.6,82.5,0.39
1470,大統新創,30.4,30.4,27.4,27.4,88.24,0.27
5516,雙喜,16.8,17.85,16.9,17.25,33.33,0.57
4716,大立,17.1,18.05,16.4,16.4,53.85,0.37
6216,居易,29.5,30.45,29.65,30.2,75.0,0.72
4513,福裕,19.9,20.85,20.4,20.55,9.52,0.53
5348,系通,8.67,8.8,8.5,8.66,100.0,0.83
8937,合騏,13.35,13.8,13.1,13.65,47.37,0.59
8093,保銳,7.96,8.1,7.8,8.08,100.0,0.52
8927,北基,40.7,42.4,38.0,38.55,100.0,0.27
9919,康那香,26.9,26.3,25.0,25.7,94.12,0.61
8069,元太,169.5,175.5,170.0,175.0,35.48,0.57
9927,泰銘,46.65,47.4,46.2,46.25,0.0,0.53
5388,中磊,81.5,86.8,80.6,86.7,84.8,0.69
6492,生華科,96.5,97.3,87.0,88.1,51.71,0.18
4116,明基醫,37.85,39.95,35.2,35.65,82.86,0.17
3682,亞太電,7.17,7.37,7.2,7.37,100.0,0.3225
4148,全宇生技-KY,83.0,85.0,74.7,74.8,22.15,0.14
6179,亞通,30.65,31.4,30.65,31.15,0.0,0.78
3511,矽瑪,42.0,43.95,40.95,41.2,100.0,0.34
4904,遠傳,78.3,80.5,78.3,80.5,100.0,0.63
4915,致伸,56.5,58.0,56.6,57.9,80.95,0.62
8440,綠電,76.9,84.5,79.4,84.5,57.14,0.82
1342,八貫,69.5,71.1,68.6,68.7,92.16,0.62
1231,聯華食,88.2,90.8,88.2,90.8,87.18,0.6
4541,晟田,25.0,25.5,24.65,24.9,54.76,0.54
6662,樂斯科,36.3,35.0,32.7,32.7,100.0,0.32
8938,明安,85.0,89.7,85.8,86.4,72.6,0.44
1609,大亞,28.45,30.9,28.6,29.95,35.71,0.51
6144,得利影,16.3,16.3,16.3,16.3,90.0,0.505
1436,華友聯,67.0,67.0,66.2,66.8,47.06,0.41
3479,安勤,62.9,63.9,62.5,62.7,17.86,0.58
4114,健喬,27.3,27.8,27.1,27.3,47.62,0.45
1589,永冠-KY,63.1,69.4,63.3,69.4,95.95,0.85
4767,誠泰科技,32.1,32.1,32.1,32.1,100.0,0.8668269230769231
2939,凱羿-KY,27.25,27.55,26.8,26.8,9.68,0.5
4130,健亞,28.95,29.45,26.7,26.8,73.91,0.48
1781,合世,17.0,17.2,15.8,15.8,64.84,0.17
8341,日友,218.0,229.5,216.0,226.0,63.64,0.71
2642,宅配通,85.5,89.3,77.1,77.6,40.0,0.21
3444,利機,52.6,54.3,52.4,54.1,10.71,0.57
5530,龍巖,47.5,48.75,47.5,47.95,63.46,0.58
1701,中化,26.4,27.0,24.2,24.3,77.42,0.52
8908,欣雄,79.7,80.0,79.7,79.9,100.0,0.51
3675,德微,311.5,325.0,312.5,313.5,43.21,0.6
2702,華園,29.05,30.1,28.7,28.7,100.0,0.21
2362,藍天,34.85,35.75,34.1,34.1,97.96,0.38
3712,永崴投控,30.75,33.8,31.15,33.8,100.0,0.95
9949,琉園,14.1,14.2,13.65,14.05,100.0,0.72
4426,利勤,23.75,24.9,23.75,24.45,59.76,0.68
2506,太設,9.18,10.05,9.51,9.94,89.41,0.55
6616,特昇-KY,20.15,20.3,20.0,20.15,100.0,0.77
5258,虹堡,42.3,43.0,41.15,42.25,72.73,0.61
8084,巨虹,76.9,77.5,75.5,75.9,48.94,0.56
2221,大甲,40.8,41.9,40.95,40.95,53.66,0.45
8421,旭源,14.45,14.75,14.4,14.75,91.67,0.86
6712,長聖,214.5,217.0,201.0,207.0,38.6,0.3
1438,三地開發,32.35,33.45,32.8,33.0,58.49,0.55
2312,金寶,16.75,17.35,16.75,16.9,95.45,0.71
2618,長榮航,36.25,37.15,35.0,35.05,17.14,0.29
3622,洋華,30.1,30.8,30.2,30.3,40.35,0.4
8097,常珵,43.6,45.0,43.65,44.1,19.44,0.87
4987,科誠,58.7,60.1,56.8,58.7,35.14,0.68
4161,聿新科,27.65,28.4,27.05,27.55,100.0,0.48
6285,啟碁,76.9,78.5,76.1,76.3,76.47,0.64
4147,中裕,67.2,70.5,67.6,67.7,100.0,0.47
8033,雷虎,17.25,17.55,16.8,17.3,75.86,0.52
4207,環泰,15.7,16.25,15.1,15.15,50.72,0.62
3374,精材,137.0,143.0,130.0,131.5,82.76,0.64
3290,東浦,21.6,22.1,21.4,22.0,100.0,0.75
4105,東洋,74.1,75.3,73.5,73.8,33.33,0.49
8074,鉅橡,20.85,21.9,20.8,21.4,26.8,0.73
6441,廣錠,52.0,54.9,52.0,52.0,98.46,0.68
5474,聰泰,111.0,119.0,105.0,105.0,85.0,0.58
8403,盛弘,31.0,31.9,29.5,29.55,60.47,0.24
2910,統領,34.45,34.05,33.55,33.55,89.23,0.6
3232,昱捷,30.5,31.0,29.4,30.3,28.24,0.64
6128,上福,30.4,30.5,30.25,30.3,30.0,0.6
2852,第一保,16.25,16.35,16.25,16.35,14.29,0.54
3265,台星科,35.1,36.15,35.4,35.9,47.62,0.56
9928,中視,18.0,18.0,18.0,18.0,96.67,0.7665858585858584
1504,東元,31.9,33.05,32.15,32.3,39.47,0.47
8071,能率網通,21.0,21.4,20.25,20.25,14.89,0.35
3050,鈺德,18.2,19.45,18.3,18.75,100.0,0.41
2390,云辰,23.85,23.7,21.8,22.1,90.32,0.42
1218,泰山,30.0,30.85,29.5,29.55,55.24,0.37
4104,佳醫,67.5,69.5,67.5,69.0,70.59,0.73
1784,訊聯,39.3,39.6,38.7,39.5,60.47,0.4
1240,茂生農經,60.0,61.5,55.1,55.2,57.98,0.23
4572,駐龍,104.5,106.5,105.0,105.5,54.55,0.215
4806,昇華,10.95,10.95,10.85,10.9,31.25,0.365
1736,喬山,54.8,58.7,54.2,58.2,85.19,0.83
6222,上揚,15.5,15.75,15.45,15.75,94.44,0.9
5468,凱鈺,27.25,27.8,25.2,25.6,0.0,0.54
4737,華廣,72.8,73.9,72.4,72.4,28.0,0.4
6530,創威,20.95,23.0,20.95,23.0,89.58,0.88
1789,神隆,25.6,25.85,24.8,24.85,51.58,0.37
3669,圓展,59.8,62.4,57.2,57.4,87.3,0.43
3494,誠研,5.4,5.5,5.4,5.5,42.11,0.84
2912,統一超,272.0,276.0,270.0,275.0,100.0,0.75
4164,承業醫,47.4,48.3,46.95,47.15,0.0,0.37
1460,宏遠,8.82,9.41,8.93,8.95,57.14,0.4
9917,中保科,111.0,113.0,111.0,112.0,0.0,0.67
3703,欣陸,27.25,27.6,27.1,27.25,55.0,0.4
3313,斐成,12.6,12.8,12.15,12.25,66.07,0.41
2608,嘉里大榮,45.2,47.3,43.6,44.7,79.49,0.63
9933,中鼎,46.8,47.1,46.45,46.7,54.29,0.37
4994,傳奇,48.55,49.6,46.5,46.7,0.0,0.38
2884,玉山金,32.45,33.55,32.5,33.45,52.08,0.66
4763,材料-KY,98.6,101.0,98.6,100.5,92.31,0.83
5398,慕康生醫,20.25,20.45,20.1,20.45,100.0,0.62
3171,新洲,21.55,21.7,21.4,21.5,66.67,0.53
4109,穆拉德加捷,15.0,15.45,14.35,14.7,60.0,0.4
1799,易威,15.3,15.6,14.7,14.8,57.43,0.41
2537,聯上發,10.85,11.0,10.75,10.9,56.0,0.531
1446,宏和,33.2,33.3,32.9,33.1,76.67,0.44
4406,新昕纖,10.4,10.55,10.4,10.5,100.0,0.6350000000000001
2543,皇昌,8.05,8.3,8.05,8.06,0.0,0.37
6241,易通展,38.45,39.7,37.1,38.3,54.0,0.55
4995,晶達,41.0,42.95,41.15,41.4,0.0,0.49
3356,奇偶,29.3,30.4,29.6,30.1,76.47,0.59
3025,星通,20.1,20.6,19.9,20.15,8.82,0.57
8222,寶一,15.1,15.3,14.85,14.85,35.0,0.47
1786,科妍,44.5,45.35,43.8,43.9,63.83,0.37
6649,台生材,24.0,24.0,24.0,24.0,60.0,0.58
1444,力麗,10.65,11.3,10.65,11.0,22.22,0.74
1731,美吾華,22.0,22.4,20.85,20.95,100.0,0.56
4183,福永生技,19.4,19.2,18.9,18.9,62.07,0.52
6109,亞元,9.61,10.3,9.8,9.8,68.75,0.61
2850,新產,55.4,56.0,55.4,55.9,66.67,0.66
1522,堤維西,19.2,19.45,19.15,19.2,100.0,0.4325198412698413
6442,光聖,38.3,38.0,37.4,37.45,9.57,0.3
5310,天剛,30.05,31.0,29.5,29.5,21.67,0.48
3164,景岳,26.6,27.25,26.2,26.3,93.55,0.54
4968,立積,199.0,205.0,194.0,195.0,10.0,0.42
4111,濟生,25.0,25.5,24.05,24.15,37.5,0.37
5202,力新,18.5,18.8,18.1,18.4,0.0,0.5
2890,永豐金,18.25,18.6,18.25,18.55,52.94,0.68
2425,承啟,27.95,28.65,27.95,28.0,58.82,0.59
6603,富強鑫,17.5,17.7,17.5,17.55,39.29,0.6
8066,來思達,31.85,32.9,31.7,31.7,100.0,0.545
5902,德記,27.1,27.55,27.0,27.1,75.86,0.39
8442,威宏-KY,50.2,52.2,50.6,50.7,71.43,0.52
4155,訊映,24.0,24.5,23.55,23.65,56.7,0.56
2412,中華電,131.5,132.0,131.0,132.0,83.33,0.58
6569,醫揚,108.0,108.5,107.5,108.5,100.0,0.06
3466,致振,17.6,18.25,17.65,18.15,67.65,0.65
1475,本盟,67.8,68.6,67.7,68.4,0.0,0.57
6680,鑫創電子,51.0,49.0,49.0,49.0,52.38,0.3
4153,鈺緯,25.9,26.4,25.8,25.8,82.61,0.5
1734,杏輝,31.2,32.2,29.5,29.5,62.26,0.43
4107,邦特,112.5,112.5,111.0,111.5,50.0,0.05
2453,凌群,28.7,29.0,28.5,28.55,50.0,0.47
6164,華興,13.95,14.35,13.5,13.7,72.73,0.29
6669,緯穎,967.0,1010.0,976.0,998.0,51.43,0.72
2471,資通,27.55,27.7,27.55,27.55,0.0,0.49
6556,勝品,60.5,60.5,60.5,60.5,14.81,0.4675
8923,時報,21.55,21.45,21.45,21.45,100.0,0.7646666666666667
6768,志強-KY,72.5,73.4,72.1,73.3,82.5,0.76
4167,松瑞藥,20.2,20.6,19.15,19.15,54.76,0.4
1612,宏泰,28.95,30.1,28.95,29.7,35.14,0.69
8424,惠普,72.8,73.1,72.5,72.6,87.5,0.2
8279,生展,130.5,131.5,129.0,130.5,100.0,0.64
2753,八方雲集,129.5,133.0,130.5,131.0,35.29,0.69
9941,裕融,244.0,248.0,238.5,240.0,50.0,0.45
2707,晶華,174.0,177.0,173.0,174.5,52.38,0.65
8481,政伸,67.3,67.5,67.2,67.2,0.0,0.37
1569,濱川,25.15,25.95,25.3,25.55,4.92,0.56
8941,關中,39.0,39.2,38.95,39.2,0.0,0.51
6728,上洋,175.0,176.0,174.0,176.0,47.06,0.42
3045,台灣大,107.5,109.0,107.5,109.0,87.5,0.25
6245,立端,58.0,58.4,57.1,57.5,13.79,0.58
2630,亞航,20.55,20.8,19.35,19.35,70.0,0.29
6661,威健生技,22.6,22.85,22.4,22.4,44.07,0.45
1201,味全,22.5,22.75,22.3,22.4,76.32,0.42
2613,中櫃,37.95,39.8,37.5,37.8,41.86,0.26
2545,皇翔,57.4,58.7,56.5,56.8,79.41,0.31
4198,環瑞醫,4.85,5.13,4.8,5.13,88.24,0.88
4908,前鼎,34.9,35.55,34.5,35.2,37.21,0.63
1216,統一,67.6,68.6,67.8,68.2,85.19,0.34
1733,五鼎,27.15,27.6,26.65,26.7,64.29,0.55
9906,欣巴巴,58.3,59.1,56.5,57.6,9.76,0.22
6124,業強,26.1,26.0,25.95,26.0,46.15,0.51
8027,鈦昇,74.9,75.9,73.7,73.7,56.82,0.57
3577,泓格,82.8,83.2,81.1,81.1,0.0,0.43
5522,遠雄,65.1,67.1,65.1,66.6,7.69,0.68
3118,進階,31.3,31.35,30.6,30.65,51.03,0.55
1599,宏佳騰,54.2,55.8,54.6,55.1,0.0,0.69
8489,三貝德,36.0,36.85,33.75,34.25,85.23,0.36
3230,錦明,18.0,18.55,17.9,18.0,0.0,0.47
9935,慶豐富,17.4,18.35,17.8,18.1,80.0,0.61
1795,美時,118.0,120.0,114.5,115.5,22.64,0.23
2504,國產,30.15,30.3,29.5,29.75,5.77,0.59
1513,中興電,54.1,57.6,54.3,56.4,80.0,0.78
5312,寶島科,63.2,63.2,62.9,63.2,50.0,0.44416666666666665
6122,擎邦,16.3,17.9,16.55,16.75,25.0,0.34
4556,旭然,31.1,31.0,30.05,30.8,42.86,0.5
1339,昭輝,35.7,36.4,35.1,36.0,79.31,0.65
6591,動力-KY,61.9,63.4,62.0,62.6,21.05,0.8
6176,瑞儀,105.0,105.5,104.0,105.5,100.0,0.71
4160,創源,25.3,25.65,24.8,25.25,62.79,0.52
4712,南璋,6.85,6.7,6.17,6.17,96.04,0.22
6462,神盾,109.0,111.0,108.5,109.5,0.0,0.58
3593,力銘,14.15,14.7,14.25,14.7,62.5,0.58
2729,瓦城,216.5,221.5,219.5,221.5,25.0,0.43
4979,華星光,18.5,19.15,18.5,18.6,85.71,0.52
2838,聯邦銀,16.65,16.85,16.55,16.75,73.08,0.63
3023,信邦,254.5,263.0,248.5,262.5,70.37,0.82
2542,興富發,46.45,47.35,46.65,47.2,19.05,0.42
5706,鳳凰,68.7,70.8,66.9,68.1,0.0,0.68
6752,叡揚資訊,56.2,56.2,55.2,55.2,16.67,0.59
8940,新天地,13.35,13.85,13.4,13.85,80.0,0.53
2442,新美齊,13.45,13.9,13.5,13.85,73.33,0.65
5015,華祺,44.35,44.4,43.25,43.6,38.46,0.41
4535,至興,35.6,36.0,36.0,36.0,100.0,0.43965043290043293
8047,星雲,14.65,14.8,14.05,14.05,22.22,0.17
2610,華航,29.3,29.8,28.15,28.2,38.18,0.38
4560,強信-KY,42.15,42.75,42.0,42.7,0.0,0.55
3294,英濟,21.95,23.5,22.1,22.7,33.33,0.45
1503,士電,52.1,55.4,52.2,53.9,100.0,0.74
3176,基亞,55.3,56.1,53.7,54.2,18.18,0.35
6754,匯僑設計,46.2,46.5,46.0,46.3,90.0,0.47
3088,艾訊,60.4,61.6,59.3,59.6,0.0,0.48
1540,喬福,15.0,15.1,15.0,15.0,75.0,0.7223333333333332
8416,實威,129.5,130.0,129.5,129.5,25.0,0.17
1524,耿鼎,10.7,10.85,10.7,10.8,50.0,0.89
6247,淇譽電,10.8,10.8,10.8,10.8,10.0,0.49
4557,永新-KY,78.2,78.8,78.2,78.2,17.24,0.56
6263,普萊德,75.3,75.5,75.2,75.4,88.0,0.38
8467,波力-KY,40.0,40.0,40.0,40.0,87.72,0.83
1463,強盛,14.0,14.0,13.95,13.95,0.0,0.74
6670,復盛應用,212.0,216.5,212.0,213.0,50.0,0.53
2347,聯強,76.9,77.7,76.1,76.5,36.0,0.66
2611,志信,24.4,25.3,24.05,24.05,46.15,0.47
2450,神腦,33.8,34.1,33.8,33.8,0.0,0.41
4542,科嶠,24.1,27.0,27.0,27.0,53.85,0.51
2345,智邦,211.0,224.0,214.0,221.0,22.22,0.73
6733,博晟生醫,25.1,25.5,25.0,25.3,7.69,0.56
4142,國光生,41.65,42.9,41.0,41.0,1.47,0.49
3226,至寶電,64.0,64.0,62.2,62.2,31.25,0.17
4909,新復興,18.45,18.6,18.25,18.25,0.0,0.54
6217,中探針,56.7,58.7,57.0,57.4,0.0,0.52
4306,炎洲,15.6,15.8,15.55,15.65,41.18,0.58
4123,晟德,63.6,64.5,62.8,63.4,54.72,0.85
1717,長興,39.4,40.6,37.4,37.45,14.55,0.17
8931,大汽電,32.75,33.2,32.6,33.2,45.0,0.67
2892,第一金,27.6,28.35,27.6,28.0,20.0,0.81
8032,光菱,27.95,28.8,27.95,28.3,50.0,0.28
1808,潤隆,56.6,58.1,56.7,58.0,45.45,0.42
8234,新漢,23.25,23.4,23.05,23.2,0.0,0.54
3533,嘉澤,695.0,716.0,700.0,705.0,33.9,0.41
4163,鐿鈦,82.3,82.9,81.8,82.8,75.0,0.22
2891,中信金,29.1,29.7,29.05,29.7,57.58,0.7
5243,乙盛-KY,60.1,61.2,59.4,59.8,50.0,0.63
1451,年興,21.0,21.2,20.85,20.95,90.0,0.77
1319,東陽,33.05,33.25,32.8,33.0,75.0,0.21
6747,亨泰光,235.0,243.0,235.0,241.5,94.12,0.64
5704,老爺知,29.75,30.35,30.35,30.35,31.58,0.65
3570,大塚,85.0,86.3,85.1,86.3,11.54,0.45
1514,亞力,28.2,29.8,28.0,28.0,20.0,0.64
4506,崇友,68.2,69.5,68.0,69.0,42.86,0.76
1465,偉全,12.55,12.6,12.5,12.55,60.0,0.4
2606,裕民,66.3,67.5,62.8,62.8,94.12,0.39
2029,盛餘,35.4,35.75,34.6,34.8,0.0,0.65
4555,氣立,57.0,57.4,56.9,57.2,28.57,0.45
1611,中電,18.1,19.4,18.35,19.15,60.0,0.79
2429,銘旺科,16.0,16.15,15.75,16.0,100.0,0.64
3454,晶睿,77.2,78.8,76.7,77.2,0.0,0.51
6605,帝寶,57.8,58.4,57.8,58.1,0.0,0.52
8906,花王,20.45,19.35,18.7,19.35,60.0,0.36
2834,臺企銀,12.8,13.05,12.8,12.9,42.11,0.5624999999999999
1527,鑽全,42.2,42.55,42.2,42.5,70.0,0.42
3531,先益,22.4,23.0,23.0,23.0,100.0,0.405
6762,達亞,263.0,265.0,265.0,265.0,50.0,0.05
8463,潤泰材,27.25,29.95,27.4,29.8,95.35,0.74
1618,合機,13.7,13.85,13.55,13.55,31.03,0.71
5601,台聯櫃,41.95,42.0,40.75,41.1,49.33,0.55
2030,彰源,35.4,36.15,34.2,34.55,0.0,0.59
6609,瀧澤科,31.95,32.4,31.9,31.95,4.55,0.65
2534,宏盛,24.8,25.0,24.75,25.0,18.18,0.5
2617,台航,36.4,37.45,36.05,36.05,27.78,0.64
2755,揚秦,57.8,58.3,57.5,57.8,77.78,0.21
6170,統振,32.2,33.5,32.2,32.95,64.03,0.58
4563,百德,29.6,29.85,29.45,29.7,34.78,0.43
1325,恆大,45.1,45.3,41.05,41.05,13.21,0.07
4523,永彰,26.65,28.1,26.2,26.65,7.69,0.36
8478,東哥遊艇,152.5,157.0,150.0,153.0,17.91,0.6
5878,台名,48.45,48.55,48.55,48.55,100.0,0.452
6015,宏遠證,16.25,16.45,16.25,16.3,79.55,0.68
4168,醣聯,28.85,29.45,28.25,28.6,20.0,0.44
2734,易飛網,29.0,29.45,28.5,28.75,22.77,0.65
2548,華固,90.7,91.4,90.8,91.4,51.61,0.32
9926,新海,49.95,51.0,50.1,51.0,72.73,0.2
2745,五福,35.95,37.3,35.0,35.7,11.67,0.51
6535,順藥,37.6,38.45,35.7,35.85,100.0,0.48
6177,達麗,31.25,31.7,31.3,31.45,23.81,0.53
1796,金穎生技,45.5,46.5,45.0,45.3,85.0,0.53
6101,寬魚國際,22.65,22.8,22.05,22.7,60.0,0.69
9904,寶成,31.3,32.25,31.5,31.9,65.79,0.48
6212,理銘,60.3,55.0,54.0,55.0,100.0,0.48
3512,皇龍,33.55,33.8,33.3,33.55,0.0,0.35
1813,寶利徠,19.45,19.4,19.1,19.25,100.0,0.34
4747,強生,34.5,34.9,34.15,34.15,100.0,0.2
1788,杏昌,149.5,148.5,148.0,148.5,71.43,0.29
8917,欣泰,90.0,90.0,90.0,90.0,0.0,0.72
8291,尚茂,7.0,7.0,7.0,7.0,0.0,0.6990000000000001
3523,迎輝,10.25,10.5,10.3,10.3,65.62,0.42166666666666663
6290,良維,52.5,53.9,52.0,53.2,75.0,0.37
6183,關貿,53.1,53.5,53.3,53.3,0.0,0.31
6281,全國電,85.5,85.9,85.4,85.8,60.0,0.43
6123,上奇,53.7,54.3,53.7,54.1,16.67,0.32
8432,東生華,43.8,44.15,43.2,43.5,40.68,0.61
3030,德律,67.2,68.8,67.4,68.4,0.0,0.5
2809,京城銀,40.25,40.3,39.95,39.95,28.57,0.37
9925,新保,39.85,40.0,39.8,40.0,0.0,0.51
2493,揚博,41.15,41.3,40.85,40.85,0.0,0.38
8383,千附,40.85,41.1,40.55,41.0,60.0,0.54
1217,愛之味,11.6,12.15,11.65,11.7,57.89,0.66
3115,寶島極,11.55,11.8,11.7,11.8,91.67,0.54
3376,新日興,81.8,84.1,81.3,83.7,68.18,0.78
4413,飛寶企業,12.0,12.15,12.1,12.1,25.0,0.625
2845,遠東銀,12.05,12.2,12.05,12.15,22.22,0.92
8916,光隆,43.2,43.35,42.95,43.15,28.57,0.39
1227,佳格,49.5,49.6,49.1,49.25,45.9,0.35
6206,飛捷,74.5,74.9,73.6,74.4,0.0,0.48
3388,崇越電,87.2,88.0,87.3,88.0,57.14,0.51
6146,耕興,189.0,192.0,188.0,189.5,66.67,0.62
2356,英業達,24.8,25.3,24.75,25.25,12.5,0.48
3057,喬鼎,12.8,12.95,12.8,12.9,62.5,0.53
3013,晟銘電,13.3,13.4,13.3,13.4,66.67,0.267
2546,根基,56.1,56.7,55.4,55.4,0.0,0.57
4950,牧東,27.65,28.35,27.25,27.9,80.56,0.6
4138,曜亞,56.0,56.5,56.0,56.2,41.67,0.36
3055,蔚華科,28.65,29.35,28.2,28.2,42.86,0.47
6496,科懋,29.7,28.5,28.2,28.2,72.73,0.47
5880,合庫金,28.3,29.0,28.35,28.8,20.0,0.67
5205,中茂,15.0,15.0,15.0,15.0,100.0,0.23312615162615155
4502,健信,37.95,38.0,37.3,37.85,64.0,0.42
6577,勁豐,63.1,64.2,63.1,64.2,54.55,0.38
1326,台化,80.2,80.7,79.6,80.7,70.83,0.72
2820,華票,17.65,17.8,17.55,17.75,87.5,0.44
8404,百和興業-KY,36.0,36.1,35.5,36.1,40.0,0.53
4911,德英,27.95,27.7,27.0,27.2,40.0,0.39
5403,中菲,72.9,73.0,72.6,72.8,40.0,0.45
8406,金可-KY,278.5,278.5,278.5,278.5,100.0,0.63
6469,大樹,300.0,315.0,278.0,280.5,61.54,0.31
9910,豐泰,190.0,192.0,189.0,189.5,0.0,0.6
2936,客思達-KY,39.1,39.1,39.05,39.05,50.0,0.06
5432,達威,39.8,40.0,39.75,39.75,32.0,0.33333333333333326
3130,一零四,198.5,198.5,198.0,198.5,71.43,0.4
3332,幸康,40.1,40.3,40.3,40.3,46.15,0.53
6214,精誠,80.6,81.1,80.6,81.0,20.0,0.36
4538,大詠城,20.7,20.7,20.7,20.7,50.0,0.24666666666666665
6210,慶生,41.85,42.2,41.8,42.2,71.43,0.64
9918,欣天然,42.55,42.7,42.55,42.65,61.54,0.22
1737,臺鹽,34.0,34.3,34.1,34.25,50.0,0.15
6690,安碁資訊,119.5,119.0,117.5,117.5,0.0,0.58
8480,泰昇-KY,68.9,70.5,68.7,70.3,89.47,0.66
1806,冠軍,11.95,12.1,11.95,12.0,20.0,0.57
4141,龍燈-KY,26.1,26.15,26.1,26.1,50.0,0.16
9931,欣高,39.7,39.95,39.6,39.95,100.0,0.45549999999999996
8342,益張,52.7,53.2,53.2,53.2,100.0,0.73
3266,昇陽,13.9,14.15,13.7,13.75,0.0,0.42
1537,廣隆,137.0,138.0,137.0,137.5,33.33,0.7323333333333335
8354,冠好,14.65,14.95,14.65,14.8,50.0,0.2325
2812,台中銀,14.95,15.15,14.95,15.1,46.67,0.69
5288,豐祥-KY,153.5,154.5,152.0,152.5,16.67,0.48
3629,地心引力,61.2,61.2,61.2,61.2,100.0,0.06
1464,得力,15.55,15.7,15.4,15.5,20.0,0.24
9908,大台北,32.95,33.05,32.9,32.95,0.0,0.7
8411,福貞-KY,16.7,16.8,16.6,16.8,0.0,0.5
2466,冠西電,33.4,33.7,33.3,33.7,42.86,0.28
5489,彩富,34.45,34.5,34.4,34.5,100.0,0.6175
1234,黑松,35.4,35.6,35.4,35.5,44.12,0.36
6190,萬泰科,36.45,37.1,35.8,35.8,0.0,0.26
3492,長盛,17.9,18.15,17.7,18.15,75.0,0.85
5533,皇鼎,18.45,19.45,18.7,19.05,0.0,0.45
1307,三芳,20.2,20.25,20.1,20.2,40.0,0.25
2880,華南金,23.15,23.95,23.35,23.85,26.09,0.68
7402,邑錡,47.55,48.0,47.5,47.5,100.0,0.33
2236,百達-KY,25.95,26.05,25.75,26.05,44.44,0.79
2885,元大金,26.25,26.3,26.05,26.15,10.0,0.28
8477,創業家,27.9,28.6,27.7,27.85,65.38,0.48
6446,藥華藥,307.0,307.5,302.5,305.5,15.79,0.47
3373,熱映,34.1,34.75,32.65,32.65,46.05,0.3
1507,永大,64.8,64.8,64.8,64.8,0.0,0.52
6767,台微醫,32.45,32.7,32.5,32.5,16.67,0.47
1341,富林-KY,73.1,74.0,72.6,72.6,0.0,0.49
8099,大世科,39.0,40.45,39.05,39.15,0.0,0.44
1476,儒鴻,475.0,491.0,478.5,485.5,54.55,0.51
6426,統新,70.7,71.0,69.6,69.6,6.45,0.47
6516,勤崴,90.0,90.0,89.2,90.0,30.77,0.31
2913,農林,19.75,20.35,19.55,19.7,100.0,0.49
3046,建碁,32.65,33.2,32.5,32.8,19.53,0.83
3085,新零售,9.8,10.2,10.0,10.1,100.0,0.5566666666666666
5434,崇越,170.5,171.5,168.0,169.0,5.0,0.5
2816,旺旺保,19.75,19.9,19.75,19.8,0.0,0.52
3631,晟楠,41.85,42.25,42.25,42.25,67.65,0.41
5481,新華,13.15,13.15,13.05,13.15,0.0,0.65
6172,互億,20.1,20.1,20.1,20.1,0.0,0.72
1108,幸福,11.7,11.8,11.65,11.65,0.0,0.46
2243,宏旭-KY,16.05,16.4,15.95,16.05,16.67,0.69
2434,統懋,33.95,35.0,35.0,35.0,20.0,0.66
9950,萬國通,11.9,11.9,11.35,11.9,72.73,0.56
9960,邁達康,25.15,25.4,25.2,25.4,0.0,0.58
2468,華經,13.4,13.4,13.1,13.35,25.0,0.43
1443,立益,16.7,16.2,16.0,16.0,100.0,0.46
3083,網龍,50.9,51.9,49.6,49.6,33.33,0.26
1541,錩泰,43.1,44.35,43.15,43.65,58.14,0.39
1720,生達,44.8,45.35,43.75,43.8,63.27,0.4
4974,亞泰,56.7,57.9,56.6,56.9,60.0,0.43
2423,固緯,28.65,29.15,28.2,28.45,30.77,0.26
1210,大成,53.7,54.2,53.2,53.4,17.39,0.33
5410,國眾,25.65,25.9,25.2,25.85,75.0,0.41
6270,倍微,24.95,25.25,25.0,25.1,20.0,0.8033333333333335
2227,裕日車,245.0,249.5,244.5,247.5,27.27,0.31
5102,富強,24.65,24.7,24.65,24.65,100.0,0.18
4907,富宇,24.4,24.5,24.3,24.4,100.0,0.57
5514,三豐,21.15,20.95,20.95,20.95,45.45,0.43
4119,旭富,84.0,84.2,82.6,83.2,37.04,0.59
4108,懷特,21.15,21.2,20.5,20.55,48.89,0.66
6277,宏正,81.0,81.8,80.7,81.0,0.0,0.54
5425,台半,79.0,81.0,79.0,80.0,20.0,0.5
1626,艾美特-KY,19.85,20.45,19.7,19.8,0.0,0.45
1722,台肥,73.0,74.6,72.3,73.6,3.7,0.63
3221,台嘉碩,32.7,35.95,33.8,35.95,72.12,0.73
6023,元大期,49.55,49.65,49.35,49.6,0.0,0.39
2031,新光鋼,66.1,68.1,63.4,65.1,6.31,0.44
4549,桓達,92.0,92.4,91.9,92.4,18.75,0.51
1441,大東,8.48,8.52,8.44,8.49,0.0,0.54
1437,勤益控,27.9,28.2,27.4,27.6,40.74,0.35
2062,橋椿,26.65,27.1,26.6,26.7,54.55,0.4
1213,大飲,7.97,7.97,7.97,7.97,68.0,0.62
4933,友輝,38.5,38.85,38.4,38.85,61.76,0.67
8038,長園科,39.8,40.1,38.05,38.7,0.0,0.66
5820,日盛金,12.35,12.4,12.35,12.35,50.0,0.0
4126,太醫,72.5,73.4,71.5,71.7,19.05,0.43
4430,耀億,23.55,23.95,23.55,23.65,77.78,0.46
4533,協易機,11.75,11.9,11.65,11.7,100.0,0.71
5324,士開,9.26,9.22,9.13,9.22,9.09,0.62
3576,聯合再生能源,22.5,22.95,22.6,22.6,28.57,0.46
2301,光寶科,68.0,67.9,67.1,67.2,37.5,0.54
2208,台船,21.1,22.2,21.2,21.65,73.33,0.67
2908,特力,21.4,21.55,21.45,21.5,0.0,0.68
6114,久威,21.35,21.45,21.05,21.35,0.0,0.54
6641,基士德-KY,63.4,63.5,62.9,63.5,50.0,0.534
3089,億杰,30.85,32.45,30.9,31.05,0.0,0.81
6021,大慶證,20.5,20.6,20.4,20.4,65.0,0.65
6234,高僑,20.25,20.3,19.9,20.0,0.0,0.43
1906,寶隆,19.75,20.1,19.5,19.65,0.0,0.52
9945,潤泰新,67.8,74.5,74.5,74.5,54.02,0.61
6561,是方,271.0,281.5,272.0,276.0,69.23,0.51
8171,天宇,51.3,54.6,52.1,52.7,83.17,0.48
3093,港建,85.2,86.9,86.2,86.2,53.33,0.51
6574,霈方,51.7,49.7,48.0,49.7,61.54,0.53
6117,迎廣,15.3,16.2,15.4,15.7,50.0,0.4966666666666667
6615,慧智,47.2,47.75,46.6,46.85,0.0,0.56
2302,麗正,15.45,15.5,15.25,15.35,11.11,0.185
1410,南染,37.2,37.1,36.45,36.45,26.32,0.2
6192,巨路,71.5,72.5,71.7,72.2,2.86,0.45
8924,大田,142.0,144.5,142.0,142.5,0.0,0.63
3645,達邁,56.5,58.8,54.9,55.0,16.67,0.31
6588,東典光電,41.0,41.05,40.8,41.05,37.78,0.62
6414,樺漢,198.5,203.0,197.5,203.0,52.94,0.67
8422,可寧衛,200.0,201.0,199.0,200.0,50.0,0.76
4977,眾達-KY,80.5,81.0,79.8,80.1,70.0,0.49
4420,光明,32.9,32.95,32.0,32.95,28.57,0.64
8454,富邦媒,912.0,945.0,919.0,924.0,27.61,0.42
3310,佳穎,38.7,39.6,38.2,38.85,0.0,0.79
4707,磐亞,12.9,13.05,12.8,12.85,34.78,0.61
6115,鎰勝,42.75,42.9,42.6,42.7,16.67,0.28
2397,友通,60.9,61.6,60.9,60.9,15.38,0.37
8933,愛地雅,12.15,12.25,12.05,12.1,0.0,0.67
1225,福懋油,57.2,61.0,57.0,57.7,27.45,0.48
3004,豐達科,57.6,58.0,57.3,57.6,0.0,0.66
9929,秋雨,8.88,9.14,8.72,9.08,61.76,0.29
4550,長佳,22.7,22.95,22.7,22.7,28.57,0.46
2107,厚生,22.3,22.4,22.2,22.2,0.0,0.61
5876,上海商銀,48.55,49.9,48.45,49.4,31.58,0.58
8928,鉅明,37.05,37.5,37.1,37.25,33.33,0.63
4305,世坤,31.7,31.7,31.7,31.7,27.27,0.8
6024,群益期,36.7,37.0,36.75,36.95,0.0,0.66
2886,兆豐金,41.55,42.0,41.35,41.95,4.0,0.61
1714,和桐,10.4,10.55,10.4,10.45,50.0,0.21607142857142855
4562,穎漢,15.5,15.5,15.3,15.5,30.0,0.78
1616,億泰,10.6,10.8,10.2,10.2,49.25,0.5
5381,合正,5.99,6.13,5.99,5.99,47.06,0.54
1423,利華,19.65,19.85,19.7,19.75,42.86,0.4
2207,和泰車,573.0,585.0,573.0,581.0,30.77,0.73
3705,永信,43.2,43.45,42.85,42.9,72.0,0.35
6404,通訊-KY,19.0,19.0,19.0,19.0,0.0,0.56
2881,富邦金,74.8,75.1,74.5,75.1,41.38,0.46
1614,三洋電,37.25,37.7,37.45,37.55,0.0,0.52
6136,富爾特,18.6,18.8,18.6,18.65,0.0,0.56
1752,南光,37.2,37.6,37.05,37.25,48.28,0.46
4972,湯石照明,32.55,32.55,32.4,32.45,0.0,0.48
1583,程泰,55.9,55.7,55.1,55.7,0.0,0.5
2395,研華,374.0,372.5,366.5,370.5,22.86,0.13
5512,力麒,9.23,9.33,9.19,9.2,0.0,0.64
1726,永記,72.5,73.0,72.6,72.9,0.0,0.33
4439,冠星-KY,133.5,134.0,133.5,134.0,0.0,0.65
9937,全國,48.35,48.55,48.35,48.55,33.33,0.52
8163,達方,48.2,49.05,48.45,48.6,28.57,0.52
8438,昶昕,40.55,41.3,39.6,39.6,90.0,0.49
1702,南僑,48.25,48.5,48.05,48.1,47.46,0.35
2538,基泰,12.6,12.7,12.6,12.65,33.33,0.4783333333333333
2903,遠百,20.85,21.0,20.85,21.0,33.33,0.72
8929,富堡,20.85,20.8,20.65,20.7,50.0,0.72
2901,欣欣,24.6,24.85,24.8,24.8,40.0,0.62
2937,集雅社,36.95,36.95,36.95,36.95,11.11,0.41
6506,雙邦,20.55,20.7,20.0,20.4,10.0,0.61
2605,新興,30.5,31.2,28.4,28.4,77.5,0.44
2496,卓越,48.4,48.65,48.6,48.65,0.0,0.5125
1215,卜蜂,81.3,81.7,80.5,80.7,37.5,0.2
2701,萬企,11.95,12.05,11.95,12.0,0.0,0.76
2882,國泰金,63.8,64.0,63.4,64.0,38.71,0.78
5903,全家,197.0,199.0,198.0,199.0,50.0,0.22
4120,友華,36.2,36.7,35.65,35.8,19.57,0.41
5220,萬達光電,35.75,36.0,35.7,35.75,0.0,0.2
8921,沈氏,16.0,15.85,15.55,15.85,45.0,0.47
5703,亞都,23.8,23.75,22.0,23.75,0.0,0.68
9930,中聯資源,46.7,46.95,46.7,46.8,0.0,0.42
6184,大豐電,46.55,46.55,46.5,46.5,16.67,0.28
6112,聚碩,38.8,38.8,38.65,38.7,0.0,0.5
5283,禾聯碩,115.0,116.5,115.5,116.0,50.0,0.37
8443,阿瘦,11.4,11.5,11.4,11.5,0.0,0.83
3303,岱稜,26.55,26.7,26.4,26.65,9.09,0.67
8048,德勝,33.8,34.3,33.6,34.0,33.33,0.73
2373,震旦行,89.8,90.5,89.7,89.9,0.0,0.61
6248,沛波,22.35,22.75,21.8,22.4,20.0,0.68
2501,國建,18.5,18.6,18.5,18.6,0.0,0.54
8423,保綠-KY,18.55,18.55,18.55,18.55,75.0,0.23
2201,裕隆,40.1,40.4,40.1,40.15,26.67,0.6
8482,商億-KY,72.9,73.0,72.7,73.0,0.0,0.31
1454,台富,14.45,14.45,14.15,14.45,62.5,0.46
4581,光隆精密-KY,34.8,34.8,34.7,34.7,8.33,0.37
5609,中菲行,104.0,105.0,104.0,104.0,21.43,0.57
3521,鴻翊,13.45,13.85,13.35,13.8,50.0,0.69
5007,三星,54.6,54.7,54.6,54.7,45.83,0.77
6715,嘉基,101.5,102.0,101.0,102.0,55.1,0.33
4807,日成-KY,27.0,27.2,27.0,27.1,33.33,0.3325
1203,味王,33.0,33.45,32.95,32.95,29.63,0.59
9912,偉聯,9.24,9.35,9.1,9.2,25.81,0.38
4429,聚紡,39.4,39.4,39.4,39.4,20.0,0.53
5355,佳總,6.33,6.8,6.32,6.44,0.0,0.5
4440,宜新實業,48.4,48.6,48.15,48.25,0.0,0.39
5353,台林,19.05,19.05,19.0,19.05,18.18,0.48
3024,憶聲,12.8,12.9,12.55,12.55,0.0,0.41
2801,彰銀,18.5,18.7,18.5,18.7,33.33,0.29
4190,佐登-KY,68.4,68.8,68.0,68.3,0.0,0.49
4770,上品,248.5,251.0,246.5,247.0,0.0,0.5
1530,亞崴,30.8,30.8,30.8,30.8,21.43,0.33
2748,雲品,39.8,39.95,39.75,39.85,0.0,0.62
1468,昶和,12.1,12.1,11.9,12.1,0.0,0.53
1402,遠東新,30.0,30.25,29.85,30.25,11.11,0.75
8942,森鉅,66.3,66.9,66.2,66.5,100.0,0.305
5534,長虹,73.2,73.2,72.2,72.5,10.0,0.35
4960,誠美材,11.5,12.15,11.6,12.0,41.94,0.83
2430,燦坤,39.3,39.75,38.65,38.9,14.71,0.41
4188,安克,17.8,17.85,17.5,17.75,62.5,0.19
9905,大華,26.45,26.6,26.45,26.6,0.0,0.61
3311,閎暉,32.45,32.45,32.3,32.45,0.0,0.37
3522,御頂,10.3,10.45,9.97,9.98,0.0,0.47
2106,建大,31.9,32.2,31.9,32.1,33.33,0.39
8042,金山電,41.0,41.0,40.65,40.8,0.0,0.41
6186,新潤,26.55,26.7,26.15,26.15,0.0,0.32
1109,信大,20.35,20.5,20.15,20.25,0.0,0.6
2832,台產,20.2,20.25,20.15,20.25,0.0,0.675
3360,尚立,17.4,17.45,17.3,17.3,0.0,0.79
8466,美吉吉-KY,47.95,48.95,47.95,48.95,100.0,0.64
2352,佳世達,31.8,32.15,31.65,31.7,0.0,0.61
2235,謚源,37.0,37.35,37.35,37.35,0.0,0.6
6629,泰金-KY,57.2,57.2,57.2,57.2,13.64,0.22
6198,凌泰,34.4,34.2,34.2,34.2,58.06,0.39
1467,南緯,13.65,13.9,13.6,13.75,100.0,0.7381666666666666
2439,美律,80.9,82.2,80.8,82.0,76.19,0.38
1264,德麥,273.0,278.0,272.5,273.0,27.27,0.27
1593,祺驊,70.6,71.0,70.0,70.7,81.82,0.5
5309,系統電,40.85,41.35,39.8,40.5,5.17,0.62
1817,凱撒衛,35.25,35.45,35.0,35.1,0.0,0.75
8473,山林水,32.45,32.4,32.0,32.1,62.5,0.39
8426,紅木-KY,15.95,16.0,15.95,16.0,0.0,0.64
2911,麗嬰房,7.46,7.5,7.46,7.46,30.0,0.51
6005,群益證,15.8,16.0,15.8,15.9,0.0,0.68
3516,亞帝歐,15.8,16.0,15.6,15.9,40.0,0.35
3704,合勤控,29.0,29.85,29.1,29.1,34.78,0.38
1301,台塑,106.0,106.0,105.0,105.5,50.0,0.08
1321,大洋,34.5,34.45,34.0,34.25,57.14,0.46
6166,凌華,57.4,57.9,57.3,57.8,50.0,0.39
1102,亞泥,46.9,47.45,46.85,47.2,50.0,0.59
1615,大山,33.4,34.0,33.7,34.0,0.0,0.46
2247,汎德永業,204.5,205.5,204.5,205.5,0.0,0.57
1232,大統益,154.5,156.0,154.0,154.0,38.46,0.32
2612,中航,51.9,52.9,51.3,51.3,41.18,0.24
8083,瑞穎,175.5,177.0,175.0,177.0,20.0,0.27
2641,正德,26.15,26.7,25.25,25.25,48.15,0.36
1110,東泥,20.0,20.1,19.7,20.1,40.0,0.33
9939,宏全,75.2,75.9,75.0,75.2,0.0,0.78
3426,台興,37.45,37.5,37.5,37.5,25.0,0.6
6776,展碁國際,42.15,42.5,42.2,42.25,0.0,0.33
3163,波若威,44.05,44.7,43.85,44.15,0.0,0.74
6666,羅麗芬-KY,59.1,59.0,58.2,58.8,36.36,0.45
6803,崑鼎,245.0,245.5,245.0,245.0,0.0,0.57
6464,台數科,88.1,88.1,88.1,88.1,55.56,0.32
2705,六福,17.15,17.35,17.05,17.1,20.0,0.56
8289,泰藝,33.75,34.5,33.75,33.9,0.0,0.46
6201,亞弘電,43.3,43.5,43.2,43.5,10.0,0.58
2474,可成,145.5,146.5,144.5,144.5,20.0,0.31
1604,聲寶,31.25,31.4,31.1,31.25,0.0,0.45
1707,葡萄王,145.0,146.5,143.5,143.5,0.0,0.52
1259,安心,67.3,67.0,66.8,66.8,0.0,0.57
8072,陞泰,23.9,23.9,23.8,23.8,0.0,0.72
2640,大車隊,80.0,81.5,80.0,80.3,0.0,0.61
4905,台聯電,52.7,51.8,51.8,51.8,0.0,0.4
4530,宏易,8.92,8.92,8.73,8.92,57.14,0.59
2706,第一店,13.95,14.1,13.95,14.0,0.0,0.65
1558,伸興,138.5,140.0,138.5,139.0,50.0,0.06
3297,杭特,16.9,16.8,16.1,16.1,5.26,0.21
3285,微端,20.1,20.55,20.1,20.55,33.33,0.64
3652,精聯,20.35,20.6,20.25,20.3,23.08,0.4
6239,力成,91.8,94.7,92.0,94.5,70.0,0.68
2228,劍麟,67.3,68.1,67.1,67.4,28.57,0.48
4129,聯合,29.1,29.15,29.0,29.05,45.45,0.53
1414,東和,17.7,17.9,17.45,17.7,15.0,0.48
4953,緯軟,88.5,88.8,87.1,88.5,0.0,0.64
9924,福興,41.8,42.0,41.6,41.9,31.25,0.43
1419,新紡,41.8,41.85,41.8,41.85,30.0,0.52
1777,生泰,65.2,65.3,65.0,65.3,52.63,0.08
1730,花仙子,60.8,60.8,60.7,60.8,0.0,0.33
6671,三能-KY,47.15,47.8,47.1,47.65,22.22,0.29
1713,國化,24.9,23.75,23.45,23.75,30.0,0.27
1336,台翰,19.5,19.35,19.3,19.3,0.0,0.44
5364,力麗店,19.3,19.3,19.3,19.3,50.0,0.2375
2061,風青,19.2,19.9,19.25,19.25,11.11,0.55
2433,互盛電,51.6,51.6,51.3,51.3,0.0,0.39
2066,世德,57.8,60.0,58.3,59.6,0.0,0.6
1519,華城,38.9,41.25,38.95,40.2,0.0,0.49
4938,和碩,70.5,71.7,70.5,71.3,45.45,0.66
1310,台苯,16.5,16.65,16.5,16.6,0.0,0.65
2643,捷迅,70.1,70.7,69.5,70.5,0.0,0.7
5543,崇佑-KY,57.9,58.0,57.8,58.0,0.0,0.61
1742,台蠟,20.5,20.65,20.5,20.55,0.0,0.44
3632,研勤,9.05,9.0,9.0,9.0,37.5,0.26
3052,夆典,10.05,10.15,10.05,10.15,0.0,0.62
5525,順天,26.3,26.4,26.1,26.35,0.0,0.55
4741,泓瀚,25.65,26.2,26.2,26.2,100.0,0.45
3078,僑威,36.45,36.85,36.15,36.25,60.0,0.3
2851,中再保,29.95,30.3,29.95,30.15,40.0,0.69
1535,中宇,42.05,42.2,42.05,42.1,7.69,0.53
3188,鑫龍騰,15.85,16.15,15.85,16.0,0.0,0.65
9951,皇田,70.2,72.0,70.2,71.8,50.0,0.76
3528,安馳,51.1,51.7,50.7,51.7,47.62,0.47
2849,安泰銀,15.6,15.95,15.55,15.85,0.0,0.74
5515,建國,13.7,13.85,13.65,13.7,0.0,0.24
1233,天仁,33.1,33.7,33.15,33.15,30.0,0.52
2211,長榮鋼,58.3,59.2,58.2,58.4,0.0,0.71
5460,同協,11.7,11.75,11.65,11.65,0.0,0.5033333333333334
3498,陽程,28.7,29.45,28.65,29.05,63.64,0.48
1776,展宇,21.25,21.25,21.25,21.25,23.08,0.75
6154,順發,17.35,17.4,17.25,17.35,0.0,0.74
5465,富驊,15.4,15.4,15.35,15.4,0.0,0.76
1785,光洋科,49.3,49.6,48.95,49.3,0.0,0.3
4205,中華食,114.0,113.5,113.0,113.0,0.0,0.64
1570,力肯,18.85,18.95,18.6,18.75,29.17,0.49
4510,高鋒,11.15,11.8,11.2,11.2,23.53,0.54
2488,漢平,25.9,26.3,26.0,26.1,33.33,0.63
1532,勤美,32.65,33.3,32.9,33.25,0.0,0.57
3416,融程電,77.2,77.7,76.8,77.1,0.0,0.75
5536,聖暉,201.0,202.5,200.0,201.5,0.0,0.58
3713,新晶投控,34.65,34.7,33.9,34.65,53.85,0.65
9942,茂順,87.3,87.4,87.0,87.4,0.0,0.59
4609,唐鋒,8.78,9.04,8.55,8.7,100.0,0.69
4711,永純,18.0,18.1,18.0,18.05,21.43,0.16
5906,台南-KY,36.25,36.1,35.55,36.0,32.14,0.52
5201,凱衛,31.0,31.45,30.5,30.6,9.52,0.4
4417,金洲,34.1,34.1,34.0,34.1,11.11,0.82
4766,南寶,126.0,126.5,125.0,125.5,11.11,0.63
4764,雙鍵,57.1,57.4,57.4,57.4,100.0,0.26
2596,綠意,21.4,21.55,21.2,21.3,11.11,0.48
3090,日電貿,52.9,53.2,52.7,52.9,0.0,0.25
3489,森寶,10.45,10.6,10.05,10.55,0.0,0.55
5604,中連貨,77.1,77.7,77.1,77.3,0.0,0.85
2402,毅嘉,15.75,15.9,15.75,15.8,45.45,0.4
2916,滿心,24.5,24.6,24.3,24.55,60.0,0.49
5276,達輝-KY,12.05,12.45,12.2,12.25,0.0,0.57
3379,彬台,12.15,12.5,12.05,12.25,20.0,0.62
1582,信錦,69.9,70.0,69.6,70.0,7.14,0.32
6589,台康生技,91.6,92.8,91.0,91.0,0.0,0.41
2331,精英,19.6,19.75,19.15,19.25,60.0,0.48
4554,橙的,33.3,33.35,33.0,33.1,0.0,0.46
5490,同亨,26.0,26.55,25.95,25.95,30.0,0.58
4728,雙美,122.0,122.5,120.0,121.0,0.0,0.45
6209,今國光,29.25,29.7,28.8,29.2,0.0,0.44
5345,天揚,5.19,5.2,5.03,5.15,45.45,0.33
8349,恒耀,58.9,58.7,57.9,58.2,0.0,0.55
4527,方土霖,27.4,27.45,27.4,27.4,50.0,0.26
3702,大聯大,54.7,55.0,54.0,54.7,0.0,0.54
1413,宏洲,10.25,10.35,10.25,10.25,0.0,0.6
1904,正隆,34.25,34.45,34.1,34.1,0.0,0.74
2063,世鎧,35.9,36.25,35.7,35.8,0.0,0.24
1314,中石化,11.95,12.1,11.9,11.9,0.0,0.57
2539,櫻花建,32.25,32.45,32.2,32.2,0.0,0.27
4571,鈞興-KY,88.0,88.7,88.0,88.0,0.0,0.49
6140,訊達,16.95,17.3,16.9,16.9,60.0,0.5
5511,德昌,30.35,30.4,30.35,30.4,0.0,0.45
4991,環宇-KY,40.2,41.0,40.5,40.5,0.0,0.51
3073,天方能源,28.4,28.45,28.0,28.4,11.11,0.31
2332,友訊,16.55,16.85,16.6,16.65,66.67,0.4375
1531,高林股,14.9,15.0,14.85,14.9,0.0,0.585
2484,希華,34.95,35.4,34.65,34.75,10.0,0.72
8367,建新國際,47.75,49.05,47.75,47.95,44.74,0.6
2607,榮運,37.45,38.5,36.2,36.2,18.75,0.37
1568,倉佑,19.7,19.9,19.7,19.75,0.0,0.59
2637,慧洋-KY,88.3,90.1,85.4,85.4,37.1,0.32
3537,堡達,41.45,41.9,40.65,41.0,0.0,0.49
5287,數字,213.5,214.5,213.0,213.0,0.0,0.42
2420,新巨,42.2,42.5,42.05,42.25,0.0,0.47
5016,松和,39.05,39.3,38.75,38.9,0.0,0.61
3580,友威科,68.1,68.9,67.5,67.7,22.45,0.29
6456,GIS-KY,92.4,94.0,92.5,93.4,25.0,0.77
2464,盟立,40.1,40.4,40.1,40.2,0.0,0.55
1416,廣豐,11.25,11.3,11.1,11.25,20.0,0.72
2889,國票金,16.0,16.1,16.0,16.0,0.0,0.52
2530,華建,14.35,14.45,14.35,14.4,0.0,0.65
2444,兆勁,11.2,11.6,11.2,11.2,12.5,0.45
1617,榮星,17.7,17.95,17.55,17.55,20.0,0.24
6417,韋僑,76.4,76.4,75.7,76.4,0.0,0.66
2731,雄獅,95.3,97.4,94.6,94.6,0.0,0.28
1608,華榮,21.9,22.65,21.95,22.0,25.0,0.73
5284,jpp-KY,43.95,44.0,43.85,44.0,0.0,0.7
5209,新鼎,78.4,78.2,78.0,78.2,0.0,0.58
5519,隆大,23.25,23.5,23.25,23.45,0.0,0.53
6143,振曜,47.8,48.35,47.0,48.35,0.0,0.48
2514,龍邦,17.15,17.35,17.15,17.15,47.83,0.46
9914,美利達,246.0,249.5,240.5,248.0,0.0,0.69
6504,南六,97.5,99.4,95.2,96.1,67.5,0.47
2603,長榮,139.5,142.5,139.0,139.0,56.25,0.22
6697,東捷資訊,37.0,37.0,37.0,37.0,22.22,0.6766666666666665
4401,東隆興,32.55,33.5,32.35,32.35,0.0,0.54
2483,百容,22.0,23.05,21.9,23.0,22.22,0.7
1473,台南,18.35,18.35,18.25,18.35,0.0,0.44
1323,永裕,35.5,35.8,35.1,35.1,7.14,0.39
3114,好德,25.75,26.0,25.8,25.85,0.0,0.47
3231,緯創,28.6,28.95,28.6,28.85,0.0,0.55
5212,凌網,47.7,49.3,47.0,47.0,50.0,0.23
1586,和勤,39.3,39.8,39.25,39.4,80.0,0.45
3236,千如,22.7,22.85,22.5,22.65,3.57,0.77
4754,國碳科,39.35,39.4,39.1,39.1,0.0,0.57
2633,台灣高鐵,28.2,28.35,28.1,28.25,10.0,0.71
1452,宏益,23.9,23.95,23.7,23.75,7.69,0.38
5487,通泰,30.9,31.3,31.1,31.15,0.0,0.71
3128,昇銳,19.2,19.6,19.25,19.25,38.3,0.41
4432,銘旺實,15.05,15.05,14.75,14.8,14.29,0.29
2509,全坤建,16.2,16.4,16.15,16.25,0.0,0.68
4157,太景*-KY,18.05,18.3,17.5,17.65,92.0,0.72
4999,鑫禾,38.1,38.2,38.0,38.1,0.0,0.74
4433,興采,28.8,29.05,28.55,29.0,0.0,0.52
1434,福懋,27.55,27.7,27.5,27.5,20.0,0.31
6624,萬年清,40.5,40.5,40.5,40.5,50.0,0.82
5608,四維航,45.25,46.3,43.4,43.4,40.54,0.29
1466,聚隆,14.5,14.6,14.35,14.45,0.0,0.76
2836,高雄銀,14.35,14.55,14.35,14.45,7.14,0.64
6244,茂迪,33.1,33.9,32.8,32.8,51.85,0.42
6169,昱泉,21.5,21.55,21.15,21.2,0.0,0.53
2314,台揚,56.9,57.9,55.9,56.3,2.63,0.38
3206,志豐,27.85,28.3,27.65,28.0,0.0,0.54
5484,慧友,14.0,14.05,13.95,14.0,22.22,0.10166666666666668
2070,精湛,33.55,33.45,33.0,33.45,31.71,0.31
3209,全科,37.6,37.85,37.15,37.55,0.0,0.56
6486,互動,75.3,76.7,74.3,75.0,10.71,0.52
6292,迅德,46.25,46.5,45.55,45.8,28.13,0.36
3067,全域,41.5,41.5,41.5,41.5,80.0,0.28
6221,晉泰,47.6,47.6,46.9,47.0,9.52,0.26
3611,鼎翰,193.0,194.0,192.5,193.0,20.0,0.58
6449,鈺邦,53.5,55.0,52.2,55.0,22.22,0.66
3441,聯一光,31.9,32.0,31.35,31.5,33.33,0.72
1449,佳和,13.8,13.75,13.5,13.7,0.0,0.34
2945,三商家購,60.0,60.8,59.9,60.2,27.78,0.28
9938,百和,68.5,69.2,68.3,68.3,0.0,0.57
8213,志超,47.5,49.45,48.9,49.1,67.5,0.57
2204,中華,58.8,60.0,59.0,59.9,53.33,0.52
2035,唐榮,36.1,36.3,35.3,35.3,41.24,0.39
2515,中工,9.6,9.7,9.49,9.49,0.0,0.46
8410,森田,30.85,30.95,30.8,30.85,11.54,0.49
9943,好樂迪,55.6,56.2,55.6,56.2,60.0,0.77
3646,艾恩特,26.45,27.0,26.3,26.7,0.0,0.48
1103,嘉泥,19.95,20.1,19.95,20.0,0.0,0.42
8435,鉅邁,64.0,64.0,63.7,63.8,23.08,0.31
6189,豐藝,43.75,44.0,43.75,43.75,0.0,0.62
4958,臻鼎-KY,104.5,105.5,103.5,105.5,16.67,0.305
6790,永豐實,47.1,47.2,46.8,47.05,0.0,0.41
5438,東友,14.5,14.55,14.25,14.3,20.0,0.39649999999999996
3022,威強電,44.95,45.3,44.8,44.9,0.0,0.44
1104,環泥,20.25,20.45,20.3,20.45,0.0,0.54
6514,芮特-KY,62.0,63.7,60.4,61.2,8.06,0.39
4568,科際精密,66.4,66.4,65.5,66.2,20.0,0.69
4726,永昕,40.0,40.5,39.3,39.45,16.1,0.17
3149,正達,22.7,23.6,22.7,22.75,0.0,0.67
8472,夠麻吉,48.1,48.0,45.65,48.0,0.0,0.49
6596,寬宏藝術,47.85,47.85,47.7,47.85,0.0,0.63
2020,美亞,32.8,33.25,32.65,32.65,36.36,0.44
8039,台虹,43.9,44.1,43.7,43.9,30.0,0.33
6133,金橋,9.2,9.31,9.22,9.23,9.09,0.49
3032,偉訓,30.0,30.1,29.9,29.9,0.0,0.48
5223,安力-KY,49.7,49.7,49.15,49.7,0.0,0.32
6195,詩肯,52.0,52.5,52.0,52.1,0.0,0.56
2357,華碩,356.0,362.0,357.0,358.0,60.0,0.74
5871,中租-KY,236.5,245.0,232.5,245.0,0.0,0.67
6674,鋐寶科技,29.4,29.5,29.1,29.4,77.78,0.4
2480,敦陽科,90.4,91.1,90.4,90.5,22.22,0.67
3284,太普高,13.45,13.45,13.4,13.45,33.33,0.91
6108,競國,19.5,19.7,19.4,19.5,18.18,0.43
8433,弘帆,43.65,43.6,43.4,43.45,9.68,0.46
4744,皇將,30.6,31.1,29.6,29.9,27.03,0.55
8131,福懋科,39.3,39.6,39.3,39.4,0.0,0.55
1907,永豐餘,31.8,32.0,31.7,31.95,9.09,0.44
4154,康樂-KY,39.9,40.0,38.85,40.0,4.12,0.6
3679,新至陞,84.3,85.0,84.3,84.7,33.33,0.29
3665,貿聯-KY,299.0,308.5,301.0,305.0,92.31,0.52
1735,日勝化,17.6,17.6,17.55,17.55,0.0,0.66
4532,瑞智,17.35,17.5,17.3,17.4,0.0,0.77
6016,康和證,13.9,14.05,13.85,13.9,14.29,0.59
6163,華電網,17.4,17.8,17.35,17.35,0.0,0.75
2451,創見,71.7,72.2,71.6,71.7,19.05,0.41
2239,英利-KY,69.0,69.7,68.6,69.3,29.03,0.6
1525,江申,59.4,58.0,57.6,57.6,5.26,0.43
1536,和大,75.2,77.6,75.0,76.0,0.0,0.64
2883,開發金,18.15,18.35,18.15,18.2,0.0,0.3
1909,榮成,20.45,20.8,20.45,20.45,12.5,0.25
1312,國喬,25.95,26.1,25.85,26.0,0.0,0.42
6770,力積電,51.9,52.7,51.6,51.9,47.37,0.38
3205,佰研,23.25,24.0,23.3,23.65,56.47,0.61
2317,鴻海,100.5,101.5,100.5,101.0,0.0,0.56
5450,寶聯通,17.85,18.3,17.9,17.9,0.0,0.48
5521,工信,8.06,8.09,8.03,8.05,0.0,0.53
2616,山隆,38.4,38.8,38.55,38.75,0.0,0.62
2915,潤泰全,100.5,110.5,108.0,110.5,60.71,0.61
6208,日揚,53.5,53.7,52.8,53.0,0.0,0.32
8088,品安,22.05,22.25,22.0,22.05,0.0,0.53
8926,台汽電,37.35,37.6,37.35,37.45,50.0,0.29375
4714,永捷,13.15,13.35,13.15,13.2,0.0,0.55
2536,宏普,20.8,20.85,20.75,20.85,0.0,0.55
2105,正新,33.8,34.0,33.8,33.95,0.0,0.39
6613,朋億,165.0,165.0,163.0,163.5,0.0,0.48
2723,美食-KY,91.2,92.5,91.4,91.5,9.09,0.34
6142,友勁,9.99,9.98,9.8,9.8,40.82,0.28
9902,台火,12.0,12.05,11.95,11.95,22.22,0.42
2752,豆府,153.0,154.0,152.0,152.0,33.33,0.29
3564,其陽,25.0,25.35,24.5,24.95,0.0,0.42
1512,瑞利,3.93,3.93,3.9,3.9,0.0,0.55
1442,名軒,22.75,22.75,22.45,22.7,18.18,0.5
3567,逸昌,34.8,35.0,34.3,34.45,0.0,0.55
1445,大宇,15.0,15.1,15.0,15.05,0.0,0.65
2887,台新金,19.15,19.5,19.15,19.35,0.0,0.52
6225,天瀚,11.05,11.8,10.4,11.8,20.0,0.77
3543,州巧,22.55,22.55,22.5,22.5,0.0,0.69
8240,華宏,32.5,32.5,32.15,32.15,0.0,0.4
2206,三陽工業,27.75,27.9,27.6,27.8,0.0,0.56
2109,華豐,15.15,15.35,14.95,14.95,0.0,0.73
4706,大恭,18.2,18.4,18.1,18.15,20.0,0.7016666666666667
5213,亞昕,23.55,23.8,23.4,23.45,0.0,0.66
1236,宏亞,25.95,26.5,25.55,25.55,31.43,0.25
3002,歐格,11.65,11.75,11.6,11.7,18.18,0.73
4528,江興鍛,38.4,38.15,38.05,38.05,0.0,0.6
5701,劍湖山,2.98,3.0,2.95,2.96,0.0,0.64
5529,鉅陞,16.0,16.05,15.8,15.85,0.0,0.6
8936,國統,21.05,21.35,20.85,21.05,17.65,0.64
8109,博大,71.2,71.8,71.5,71.5,0.0,0.52
2739,寒舍,22.0,22.2,21.65,22.0,0.0,0.59
2905,三商,20.8,21.0,20.75,20.95,0.0,0.71
3026,禾伸堂,114.5,115.0,114.0,114.5,0.0,0.76
8446,華研,83.4,83.4,83.0,83.0,0.0,0.48
5907,大洋-KY,17.0,16.65,16.55,16.6,35.29,0.49
3609,東林,53.4,55.2,53.5,53.9,33.33,0.52
3252,海灣,16.65,16.55,16.5,16.5,0.0,0.46
3581,博磊,24.65,24.75,24.3,24.75,0.0,0.63
6139,亞翔,29.45,29.95,29.55,29.85,0.0,0.78
9940,信義,34.95,35.2,34.95,35.0,0.0,0.74
1580,新麥,103.5,104.0,102.5,102.5,28.57,0.14
3615,安可,20.3,20.5,20.2,20.3,23.08,0.42
1340,勝悅-KY,10.1,10.15,10.1,10.15,0.0,0.72
2754,亞洲藏壽司,73.1,73.6,72.8,73.0,0.0,0.53
3693,營邦,50.6,51.8,50.5,50.5,10.47,0.55
2308,台達電,236.5,252.0,239.0,252.0,45.0,0.82
3056,總太,33.8,34.0,33.65,34.0,0.0,0.43
3305,昇貿,67.7,68.6,67.1,67.6,0.0,0.49
4139,馬光-KY,42.6,42.7,42.2,42.65,0.0,0.39
6527,明達醫,45.55,46.1,45.4,45.4,0.0,0.4
3044,健鼎,126.0,128.0,125.0,128.0,100.0,0.78
2349,錸德,8.7,9.0,8.7,8.85,0.0,0.5
6547,高端疫苗,262.0,264.5,255.0,255.5,0.0,0.3
4174,浩鼎,108.0,110.0,107.5,107.5,62.5,0.61
8374,羅昇,29.35,29.8,28.7,29.25,0.0,0.46
1337,再生-KY,6.61,6.65,6.59,6.59,0.0,0.4
3092,鴻碩,62.0,63.3,61.5,62.0,0.0,0.37
7556,意德士,105.5,108.0,106.0,106.0,0.0,0.52
6405,悅城,25.8,25.9,25.5,25.9,0.0,0.35
8044,網家,81.0,82.7,80.4,80.5,30.89,0.54
3287,廣寰科,15.5,15.5,15.2,15.3,0.0,0.7859999999999999
4722,國精化,40.55,41.5,40.5,40.85,0.0,0.39
1472,三洋實業,22.8,22.8,22.8,22.8,94.12,0.2054285714285714
2414,精技,34.95,35.0,34.8,34.95,0.0,0.73
5386,青雲,41.4,42.3,41.1,41.45,27.1,0.57
2516,新建,5.64,5.7,5.55,5.64,0.0,0.25
6541,泰福-KY,57.0,57.8,54.6,56.1,0.0,0.62
5546,永固-KY,58.0,58.2,57.0,57.9,0.0,0.54
1723,中碳,112.0,113.0,111.0,112.0,0.0,0.65
4540,全球,44.25,44.25,43.55,43.7,25.0,0.34
2485,兆赫,17.95,18.0,17.6,17.65,25.0,0.26
3229,晟鈦,22.0,21.2,20.65,21.2,75.0,0.52
2428,興勤,129.0,132.0,128.5,129.0,0.0,0.68
5289,宜鼎,204.0,206.0,199.5,201.5,14.29,0.56
5211,蒙恬,17.3,17.4,17.1,17.4,8.33,0.55
1457,宜進,18.2,18.35,18.2,18.3,0.0,0.48
5206,坤悅,14.6,14.6,14.4,14.6,10.0,0.56
6194,育富,23.7,23.75,23.45,23.7,25.0,0.705
3276,宇環,16.5,16.8,16.15,16.4,16.22,0.67
4566,時碩工業,41.8,42.0,41.5,41.7,3.23,0.38
6570,維田,42.0,40.8,40.45,40.75,0.0,0.48
2527,宏璟,28.8,29.2,28.8,28.95,11.11,0.61
8147,正淩,61.8,62.2,61.3,61.5,0.0,0.44
5478,智冠,87.3,88.0,86.6,86.8,11.48,0.42
3557,嘉威,72.3,73.4,71.7,72.3,47.83,0.32
1308,亞聚,36.0,36.7,36.1,36.15,9.09,0.45
3432,台端,13.55,13.7,13.5,13.55,33.33,0.14
9944,新麗,20.7,20.8,20.7,20.75,22.22,0.4
5230,雷笛克光學,27.65,27.0,26.65,27.0,0.0,0.68
1439,中和,22.7,22.5,22.5,22.5,0.0,0.65
2354,鴻準,59.5,59.7,59.0,59.4,0.0,0.22
9907,統一實,16.25,16.5,16.1,16.2,5.26,0.8
2926,誠品生活,60.0,55.5,55.0,55.1,0.0,0.46
8059,凱碩,9.69,10.0,9.57,9.75,41.03,0.55
6026,福邦證,19.5,19.7,19.35,19.45,52.5,0.33
5203,訊連,87.6,89.1,87.4,88.1,5.88,0.44
5251,天鉞電,18.1,18.45,17.6,17.6,29.63,0.28
1587,吉茂,23.95,24.0,23.65,23.7,0.0,0.64
4580,捷流閥業,87.6,88.3,87.0,87.4,0.0,0.71
6573,虹揚-KY,16.75,16.85,16.5,16.6,0.0,0.6
6287,元隆,7.82,7.83,7.75,7.8,18.92,0.42
6185,幃翔,13.0,13.25,13.0,13.0,0.0,0.62
2722,夏都,30.2,30.95,30.2,30.3,0.0,0.58
6691,洋基工程,182.0,182.0,181.0,181.5,0.0,0.7
2427,三商電,12.0,12.1,11.95,12.0,0.0,0.65
1727,中華化,47.3,48.3,46.0,46.0,9.68,0.46
1528,恩德,9.38,9.42,9.35,9.36,0.0,0.69
2736,高野,16.1,16.45,16.0,16.15,0.0,0.56
8085,福華,17.9,18.1,17.85,17.85,0.0,0.57
2313,華通,44.55,47.15,45.3,46.65,0.0,0.65
2495,普安,15.25,15.5,15.2,15.25,30.77,0.355
4536,拓凱,125.5,127.0,125.5,127.0,0.0,0.48
2401,凌陽,34.0,34.55,33.65,33.85,0.0,0.53
8089,康全電訊,24.45,24.9,24.15,24.35,0.0,0.59
2443,昶虹,3.01,3.12,3.01,3.02,5.0,0.51
2547,日勝生,10.15,10.2,10.0,10.05,0.0,0.48
4906,正文,30.05,30.45,29.8,30.1,22.22,0.59
1718,中纖,8.88,8.96,8.85,8.85,0.0,0.48
5905,南仁湖,13.5,13.6,13.3,13.35,0.0,0.59
2067,嘉鋼,13.55,13.6,13.35,13.35,10.53,0.52
3217,優群,98.2,99.5,96.2,96.7,0.0,0.7
9911,櫻花,62.2,62.5,61.2,61.6,0.0,0.32
3028,增你強,38.3,38.5,38.0,38.2,0.0,0.44
5013,強新,35.6,35.95,35.5,35.65,7.41,0.41
4735,豪展,48.7,48.9,48.0,48.1,33.72,0.54
1324,地球,10.8,10.85,10.75,10.75,0.0,0.47
6416,瑞祺電通,84.2,86.9,84.2,84.2,0.0,0.67
3617,碩天,67.8,67.9,67.5,67.6,0.0,0.44
6171,亞銳士,29.7,29.8,29.6,29.6,12.5,0.56
6147,頎邦,67.5,67.8,67.0,67.1,52.94,0.2
8429,金麗-KY,10.6,11.0,10.6,10.6,0.0,0.55
6431,光麗-KY,27.5,28.4,26.95,28.4,0.0,0.64
2115,六暉-KY,37.45,37.3,37.2,37.3,0.0,0.58
3040,遠見,35.3,35.25,34.7,34.8,0.0,0.56
6592,和潤企業,111.5,113.0,111.5,113.0,44.44,0.35
6218,豪勉,20.3,20.35,20.1,20.1,18.18,0.23
1603,華電,28.4,28.7,27.15,27.3,20.0,0.41
3623,富晶通,19.7,21.5,19.8,20.8,100.0,0.91
4526,東台,15.2,15.5,15.1,15.15,0.0,0.76
2013,中鋼構,52.8,56.4,52.9,55.8,11.36,0.73
4438,廣越,110.5,111.5,110.0,111.5,25.0,0.55
6532,瑞耘,46.0,46.35,45.55,46.15,40.43,0.47
6257,矽格,56.0,56.4,55.5,55.7,0.0,0.63
6155,鈞寶,22.8,23.4,23.0,23.05,0.0,0.59
3010,華立,103.0,104.0,102.0,103.0,0.0,0.43
5281,大峽谷-KY,19.75,19.8,19.75,19.75,34.62,0.6046666666666667
3038,全台,18.3,18.4,18.1,18.15,0.0,0.3
1304,台聚,28.75,28.9,28.35,28.4,0.0,0.26
2230,泰茂,14.6,15.3,14.7,14.85,10.0,0.38
8464,億豐,312.5,318.0,309.0,312.5,45.45,0.67
2431,聯昌,11.7,11.8,11.65,11.7,25.0,0.24
2368,金像電,78.2,80.3,78.2,78.9,0.0,0.59
2114,鑫永銓,122.5,123.0,122.0,123.0,20.0,0.14
4561,健椿,27.3,27.05,26.7,26.8,0.0,0.45
3272,東碩,29.75,30.4,29.85,29.85,17.24,0.65
3029,零壹,42.1,42.3,42.0,42.1,0.0,0.59
2328,廣宇,35.65,35.9,34.85,35.05,0.0,0.61
1805,寶徠,13.1,13.25,12.95,12.95,0.0,0.595
4113,聯上,13.7,13.8,13.7,13.7,0.0,0.23
8476,台境,58.0,59.7,58.4,59.2,13.33,0.48
6594,展匯科,39.0,39.05,38.7,38.7,3.49,0.31
6477,安集,58.1,60.2,58.3,59.1,15.71,0.59
6180,橘子,64.2,64.7,63.3,63.5,0.0,0.41
8067,志旭,9.18,9.3,9.17,9.22,33.33,0.46
3289,宜特,49.9,50.6,49.55,49.7,6.25,0.5
1456,怡華,19.6,19.95,19.5,19.55,0.0,0.45
2406,國碩,23.9,24.45,24.0,24.05,23.08,0.39
6432,今展科,35.6,36.3,35.1,35.3,0.0,0.61
2511,太子,12.55,12.75,12.5,12.75,0.0,0.61
5314,世紀,4.86,4.8,4.5,4.8,13.79,0.65
5263,智崴,113.0,114.5,112.0,112.5,0.0,0.68
6548,長科*,92.2,93.5,90.3,92.6,0.0,0.7
2704,國賓,31.1,32.65,31.05,32.05,53.12,0.81
2718,晶悅,31.65,33.25,31.75,32.75,17.95,0.69
3483,力致,74.9,75.7,73.5,74.2,0.0,0.55
1315,達新,77.7,79.4,78.0,78.5,0.0,0.41
1305,華夏,33.1,33.5,33.0,33.3,15.79,0.49
2101,南港,39.0,39.6,38.7,39.15,0.0,0.52
5291,邑昇,37.25,37.4,36.8,37.4,0.0,0.49
6141,柏承,26.6,27.0,26.35,26.4,16.67,0.31
2438,翔耀,13.5,13.65,13.2,13.2,6.67,0.27
2614,東森,30.45,31.4,29.95,30.05,49.15,0.39
6020,大展證,20.5,20.55,20.3,20.5,21.74,0.58
5508,永信建,71.7,72.4,71.6,71.7,0.0,0.37
2419,仲琦,18.95,19.2,18.9,19.0,41.67,0.53
3268,海德威,23.0,23.0,22.5,22.65,0.0,0.73
3630,新鉅科,31.75,32.4,31.3,31.35,0.0,0.54
2528,皇普,19.65,19.65,19.65,19.65,53.33,0.33
5392,能率,22.5,22.75,22.4,22.4,26.47,0.45
8488,吉源-KY,16.6,16.8,16.6,16.6,0.0,0.66
3592,瑞鼎,505.0,508.0,490.0,490.0,62.71,0.72
4943,康控-KY,24.05,24.3,23.75,23.75,4.76,0.44
6640,均華,96.2,96.2,93.2,93.5,0.0,0.36
3015,全漢,41.55,41.65,41.45,41.6,0.0,0.52
8049,晶采,25.2,25.4,25.0,25.1,0.0,0.52
2034,允強,34.4,34.95,33.7,33.7,0.0,0.43
6219,富旺,16.4,16.6,16.3,16.4,0.0,0.54
1409,新纖,19.85,20.05,19.8,19.9,0.0,0.44
3501,維熹,44.15,44.1,43.9,44.05,0.0,0.66
5452,佶優,20.05,20.15,19.75,19.85,0.0,0.39
1417,嘉裕,12.85,12.9,12.65,12.75,0.0,0.55
8096,擎亞,12.7,12.85,12.6,12.7,0.0,0.6
8437,大地-KY,110.5,112.0,111.0,112.0,0.0,0.71
2012,春雨,30.05,30.15,29.75,30.05,7.84,0.48
1303,南亞,85.9,86.5,86.0,86.3,0.0,0.51
1447,力鵬,8.72,8.9,8.72,8.73,0.0,0.56
5315,光聯,17.25,17.4,17.2,17.3,0.0,0.83
6188,廣明,40.4,40.75,40.05,40.05,21.95,0.4
6505,台塑化,90.1,90.8,89.5,89.7,0.0,0.83
8028,昇陽半導體,53.7,54.6,53.3,53.7,0.0,0.51
2727,王品,117.0,118.0,116.5,117.0,0.0,0.45
3413,京鼎,219.0,220.5,214.5,219.0,7.41,0.72
4903,聯光通,10.1,10.25,10.1,10.25,0.0,0.67
1526,日馳,45.65,46.75,45.65,45.65,0.0,0.35
2449,京元電子,40.15,40.55,40.05,40.05,0.0,0.38
6294,智基,122.5,123.5,122.0,122.0,10.0,0.13
6625,必應,27.9,27.9,27.55,27.65,13.04,0.33
2371,大同,33.55,33.8,33.3,33.7,0.0,0.45
3162,精確,39.05,39.4,38.85,39.05,0.0,0.63
3293,鈊象,725.0,732.0,724.0,725.0,14.29,0.54
1101,台泥,46.1,46.4,46.1,46.2,0.0,0.42
8932,宏大,25.65,25.65,24.35,24.4,3.57,0.43
5278,尚凡,260.0,259.5,254.5,256.0,22.22,0.57
6191,精成科,32.0,32.5,31.95,32.1,0.0,0.57
2103,台橡,31.6,32.15,31.75,32.05,30.0,0.35
5426,振發,10.4,10.45,10.35,10.45,0.0,0.63
3546,宇峻,79.6,80.9,78.8,78.8,10.34,0.24
2385,群光,83.6,84.4,83.2,83.2,0.0,0.47
9946,三發地產,12.85,12.9,12.75,12.75,23.53,0.52
5488,松普,8.06,8.19,8.01,8.15,0.0,0.52
2609,陽明,121.5,123.5,121.0,121.0,40.0,0.478
6269,台郡,95.0,96.7,94.6,95.0,0.0,0.22
1709,和益,26.55,26.9,26.0,26.4,3.85,0.35
8210,勤誠,70.1,70.5,68.6,68.8,0.0,0.71
8390,金益鼎,35.5,35.85,35.0,35.0,9.59,0.44
2351,順德,135.5,138.0,131.0,131.0,25.0,0.35
4543,萬在,17.2,17.75,17.3,17.4,0.0,0.75
6482,弘煜科,37.1,37.0,36.05,36.65,0.0,0.26
2330,台積電,547.0,551.0,544.0,546.0,0.0,0.63
8462,柏文,123.5,127.5,123.5,124.0,0.0,0.42
1521,大億,36.8,37.5,36.45,36.55,0.0,0.41
1903,士紙,57.0,57.4,56.8,56.9,0.0,0.46
2923,鼎固-KY,24.7,25.25,24.6,25.25,14.81,0.48
1560,中砂,121.0,123.5,119.0,123.0,0.0,0.5
4576,大銀微系統,99.5,100.0,98.0,99.4,0.0,0.57
4942,嘉彰,45.35,45.55,45.15,45.3,0.0,0.33
1565,精華,268.0,270.5,266.0,267.5,0.0,0.31
6235,華孚,36.8,38.05,35.5,35.85,0.0,0.58
3520,振維,14.0,14.05,13.6,13.95,14.29,0.33
8107,大億金茂,18.15,18.3,18.1,18.15,12.5,0.6425
8215,明基材,32.85,33.2,32.6,32.65,3.33,0.42
4729,熒茂,11.4,11.55,11.25,11.45,0.0,0.63
2305,全友,8.83,9.11,8.84,9.03,100.0,0.69
8043,蜜望實,23.95,24.25,23.8,24.05,0.0,0.64
8284,三竹,54.5,54.9,53.8,54.0,3.7,0.32
1517,利奇,22.7,23.6,22.55,22.75,27.78,0.44
2440,太空梭,14.15,14.6,14.1,14.35,54.9,0.39
8076,伍豐,28.4,28.75,28.0,28.05,0.0,0.51
5285,界霖,88.8,90.1,88.5,88.8,0.0,0.59
3689,湧德,42.85,43.3,42.35,42.5,0.0,0.38
1538,正峰新,6.54,7.19,6.55,7.19,31.15,0.81
2327,國巨,393.5,402.0,395.0,399.0,0.0,0.66
6226,光鼎,12.5,12.8,12.25,12.3,0.0,0.52
8070,長華*,34.55,34.8,34.15,34.55,0.0,0.35
3048,益登,35.1,35.3,34.8,35.1,0.0,0.67
3673,TPK-KY,35.05,35.45,34.8,35.1,23.53,0.74
6284,佳邦,54.6,55.3,53.4,53.7,0.0,0.52
5864,致和證,15.8,15.95,15.7,15.75,7.69,0.62
2719,燦星旅,13.0,13.9,13.0,13.9,0.0,0.64
3354,律勝,16.05,16.4,16.05,16.2,0.0,0.67
6451,訊芯-KY,79.4,79.7,78.0,78.6,0.0,0.55
4128,中天,60.1,60.9,58.5,58.7,11.11,0.31
4927,泰鼎-KY,94.8,95.4,90.4,94.3,2.08,0.65
6751,智聯服務,40.9,42.0,40.3,41.9,0.0,0.65
2540,愛山林,119.5,121.0,119.0,120.0,0.0,0.41
1309,台達化,31.5,31.65,31.35,31.4,0.0,0.6
3064,泰偉,12.55,12.55,12.55,12.55,0.0,0.535
8021,尖點,32.85,34.4,33.1,34.2,46.15,0.62
4529,淳紳,11.3,11.8,11.3,11.4,5.26,0.74
6261,久元,76.0,76.4,75.2,75.2,3.45,0.42
6499,益安,74.4,76.3,73.5,74.0,19.12,0.55
6552,易華電,47.25,48.2,47.2,47.25,0.0,0.47
3191,和進,9.5,9.79,9.51,9.79,44.07,0.67
3362,先進光,60.4,61.4,60.1,60.1,0.0,0.46
1268,漢來美食,106.5,109.5,106.5,107.0,8.33,0.63
3213,茂訊,51.8,52.2,51.8,51.8,0.0,0.49
2929,淘帝-KY,9.05,9.18,9.0,9.0,0.0,0.5
1597,直得,77.2,78.0,77.2,77.3,45.0,0.49
3380,明泰,28.6,29.2,28.4,29.1,21.74,0.64
6664,群翊,79.0,80.0,79.0,79.2,0.0,0.58
3321,同泰,11.8,11.85,11.6,11.6,0.0,0.46
8455,大拓-KY,25.6,25.95,24.8,25.95,0.0,0.47
4971,IET-KY,70.8,71.9,70.8,71.6,8.33,0.59
2367,燿華,16.65,16.85,16.45,16.5,0.0,0.55
6205,詮欣,79.0,81.2,77.1,77.9,0.0,0.5
1477,聚陽,180.0,187.5,180.0,185.5,55.1,0.66
3086,華義,114.0,118.0,114.0,114.5,0.0,0.6
5302,太欣,10.5,10.7,10.35,10.35,0.0,0.46
6612,奈米醫材,83.3,84.9,81.0,81.6,3.45,0.38
1598,岱宇,43.6,43.8,43.0,43.4,0.0,0.39
2888,新光金,10.0,10.1,9.98,9.98,0.0,0.66
4973,廣穎,22.35,22.35,22.1,22.2,20.0,0.39
3550,聯穎,15.8,15.8,15.65,15.7,0.0,0.4566666666666667
3257,虹冠電,69.5,70.2,69.4,69.7,0.0,0.55
6118,建達,27.3,28.25,27.25,27.3,0.0,0.55
1710,東聯,20.7,21.0,20.65,20.75,0.0,0.77
3323,加百裕,37.85,38.4,37.5,37.6,0.0,0.61
6243,迅杰,41.75,44.5,42.2,42.3,0.0,0.56
9962,有益,19.3,19.9,18.9,19.0,0.0,0.65
2413,環科,18.95,19.3,18.6,18.95,0.0,0.57
5014,建錩,20.3,20.65,20.0,20.0,0.0,0.36
2855,統一證,21.05,21.1,20.95,20.95,0.0,0.57
2415,錩新,38.6,39.45,38.45,38.75,7.14,0.5
2441,超豐,69.2,69.7,68.8,68.8,0.0,0.52
3147,大綜,44.4,44.2,43.7,43.7,2.63,0.35
4192,杏國,34.05,34.35,33.25,34.3,12.2,0.52
2489,瑞軒,15.25,15.4,15.05,15.05,0.0,0.78
6642,富致,63.8,64.9,63.7,64.1,0.0,0.45
4720,德淵,14.5,14.65,14.35,14.45,0.0,0.81
1256,鮮活果汁-KY,276.0,274.0,270.0,272.0,5.0,0.48
2365,昆盈,10.25,10.35,10.2,10.25,0.0,0.57
2383,台光電,235.5,239.0,233.0,235.5,14.29,0.22
5531,鄉林,10.05,10.2,10.05,10.2,0.0,0.61
2459,敦吉,52.0,52.3,51.9,52.0,0.0,0.66
6121,新普,293.5,297.0,290.0,290.5,3.45,0.61
5443,均豪,29.6,30.3,29.55,29.55,0.0,0.65
1435,中福,55.5,61.0,58.1,61.0,31.25,0.68
5439,高技,50.6,51.2,50.5,50.5,0.0,0.64
2904,匯僑,22.2,22.45,22.2,22.2,0.0,0.63
2348,海悅,97.7,98.6,97.8,98.2,0.0,0.29
5464,霖宏,21.5,21.5,21.05,21.5,0.0,0.58
6134,萬旭,21.65,22.65,21.8,22.0,5.45,0.69
6716,應廣,150.0,151.0,149.5,149.5,0.0,0.62
3054,立萬利,20.25,20.65,19.9,20.4,0.0,0.51
6125,廣運,23.85,24.2,23.8,23.85,0.0,0.71
6251,定穎,22.05,22.35,21.75,21.75,0.0,0.55
8068,全達,28.95,28.95,28.15,28.15,0.0,0.38
2867,三商壽,7.96,8.1,7.97,7.99,0.0,0.5
2404,漢唐,179.5,180.0,177.0,177.5,25.0,0.17
5299,杰力,174.0,176.5,172.0,172.5,34.48,0.65
1474,弘裕,13.7,13.75,13.65,13.75,0.0,0.38
1809,中釉,13.35,13.55,13.2,13.25,0.0,0.53
6829,千附精密,73.4,74.0,73.2,73.5,0.0,0.37
2636,台驊投控,117.0,119.0,116.5,117.0,0.0,0.46
6215,和椿,24.8,25.05,24.75,24.8,0.0,0.65
2472,立隆電,59.4,60.0,59.0,59.3,0.0,0.34
8064,東捷,18.8,19.15,18.7,18.95,23.53,0.58
5469,瀚宇博,39.25,39.9,39.35,39.35,0.0,0.56
8011,台通,15.9,16.15,15.85,16.0,0.0,0.66
8249,菱光,21.0,21.35,20.85,20.85,0.0,0.58
3021,鴻名,21.0,21.1,20.85,20.85,20.59,0.62
2724,富驛-KY,14.5,14.5,14.5,14.5,51.61,0.27416666666666667
1712,興農,32.6,32.75,31.6,31.85,11.83,0.68
3597,映興,25.9,26.0,25.9,26.0,0.0,0.39
3296,勝德,14.45,14.8,14.45,14.8,0.0,0.77
2382,廣達,83.2,84.0,82.2,83.9,13.04,0.88
8935,邦泰,13.35,13.35,13.2,13.3,31.82,0.6866666666666665
2497,怡利電,84.2,87.3,83.7,84.1,0.0,0.67
6542,隆中,44.4,44.4,44.4,44.4,0.0,0.48
6227,茂綸,36.7,37.5,36.7,36.8,59.09,0.52
2601,益航,11.05,11.25,10.8,10.85,30.0,0.58
3027,盛達,19.4,20.0,19.4,19.75,0.0,0.46
3686,達能,16.55,16.95,16.45,16.45,50.0,0.40399999999999997
3499,環天科,17.75,18.3,17.7,17.8,0.0,0.66
2363,矽統,22.05,22.35,21.9,22.0,0.0,0.68
6512,啟發電,17.8,17.6,17.25,17.25,12.0,0.37
6246,臺龍,14.85,15.35,14.9,14.9,6.25,0.4
3060,銘異,21.0,21.25,20.8,20.9,0.0,0.78
6197,佳必琪,39.0,39.6,39.2,39.4,32.35,0.47
3556,禾瑞亞,75.4,76.3,75.1,75.1,0.0,0.62
2002,中鋼,36.6,36.8,36.1,36.1,1.43,0.31
2028,威致,39.45,39.85,37.95,37.95,0.0,0.55
2387,精元,37.85,38.5,37.6,37.9,0.0,0.68
2027,大成鋼,48.5,49.05,46.1,46.2,10.2,0.36
2392,正崴,35.0,35.4,34.65,35.0,34.78,0.62
6283,淳安,33.75,35.05,33.4,34.05,0.0,0.5
6668,中揚光,44.85,45.5,43.9,43.9,0.0,0.63
6220,岳豐,21.05,21.1,20.85,20.9,100.0,0.58
9934,成霖,12.3,12.45,12.1,12.25,42.11,0.63
3711,日月光投控,94.6,95.5,94.8,95.0,0.0,0.22
6156,松上,18.85,19.4,18.4,18.55,0.0,0.52
2321,東訊,6.15,6.33,6.15,6.15,54.55,0.6
8034,榮群,16.7,16.95,16.5,16.65,4.76,0.63
5523,豐謙,23.9,24.8,23.75,24.7,51.43,0.81
6160,欣技,14.65,14.7,14.5,14.6,0.0,0.65
2337,旺宏,38.15,38.55,37.8,38.0,16.67,0.52
5455,昇益,26.95,26.5,26.0,26.5,0.0,0.43
4137,麗豐-KY,188.0,190.0,185.0,185.5,3.7,0.64
1229,聯華,59.8,60.0,57.7,58.3,8.42,0.48
2405,浩鑫,12.95,13.2,12.75,12.8,40.68,0.47
3152,璟德,251.5,253.0,246.0,247.0,0.0,0.45
8112,至上,47.15,47.35,46.15,46.15,0.0,0.57
6264,富裔,8.15,8.38,8.22,8.35,9.23,0.62
4419,元勝,10.05,10.05,10.05,10.05,0.0,0.73
4967,十銓,37.15,37.7,37.2,37.55,94.12,0.665
2535,達欣工,31.35,32.45,31.35,31.4,57.14,0.68
3694,海華,19.7,19.95,19.5,19.6,5.56,0.45
3450,聯鈞,44.9,45.25,44.6,44.65,33.85,0.39
3017,奇鋐,105.0,109.0,103.0,103.0,0.0,0.75
4935,茂林-KY,62.2,64.0,61.6,61.8,0.0,0.43
2069,運錩,32.45,32.8,31.7,31.75,0.93,0.5
2233,宇隆,103.0,105.5,102.0,102.5,0.0,0.56
2756,聯發國際,109.0,111.0,108.0,111.0,0.0,0.6
4545,銘鈺,28.8,29.2,28.8,28.9,0.0,0.7
3019,亞光,70.9,72.1,71.2,71.3,0.0,0.54
1725,元禎,24.7,25.0,24.2,24.55,0.0,0.57
4551,智伸科,133.5,134.5,130.0,131.0,0.0,0.72
5328,華容,11.5,11.65,11.3,11.35,0.0,0.67
2024,志聯,24.45,24.8,23.6,23.85,0.0,0.58
9921,巨大,248.5,254.5,248.5,250.5,0.0,0.54
6173,信昌電,50.3,50.6,50.0,50.1,0.0,0.53
3685,元創精密,27.95,27.65,26.95,27.1,0.0,0.63
2421,建準,37.9,38.8,38.0,38.35,38.64,0.44
5520,力泰,55.5,55.6,51.8,52.5,0.0,0.48
6126,信音,23.5,23.5,22.9,22.9,0.0,0.48
3587,閎康,129.0,130.0,127.5,129.0,0.0,0.72
2353,宏碁,27.1,27.5,27.1,27.45,18.75,0.57
2524,京城,32.6,33.25,32.8,32.85,0.0,0.67
6113,亞矽,12.35,12.65,11.9,12.05,23.81,0.28
5457,宣德,53.8,54.2,53.5,53.7,3.7,0.74
6274,台燿,71.1,75.7,72.0,75.1,73.68,0.62
6111,大宇資,81.8,83.3,81.5,82.5,0.0,0.78
8150,南茂,46.95,47.85,46.55,46.55,7.14,0.47
2059,川湖,385.0,392.0,377.0,383.0,3.85,0.39
2520,冠德,34.55,34.8,34.45,34.7,22.22,0.66
6279,胡連,108.0,108.5,106.0,106.0,0.0,0.58
3003,健和興,75.4,76.2,74.2,74.6,17.14,0.71
6576,逸達,113.0,115.0,112.5,113.5,40.0,0.4
1773,勝一,200.5,204.0,200.5,202.5,9.68,0.41
2726,雅茗-KY,25.8,26.0,25.3,25.8,0.0,0.47
2457,飛宏,40.95,41.7,40.7,40.7,0.0,0.32
2615,萬海,148.0,151.5,145.0,145.0,4.76,0.47
3234,光環,22.45,23.0,22.5,22.5,31.25,0.59
5356,協益,24.1,24.1,23.7,23.7,18.42,0.29
3033,威健,30.35,30.65,30.2,30.35,0.0,0.61
6168,宏齊,21.7,22.0,21.55,21.55,0.0,0.63
3178,公準,59.4,59.6,58.5,59.0,0.0,0.36
2478,大毅,54.4,54.7,54.0,54.0,40.91,0.73
2393,億光,44.0,44.7,44.15,44.4,7.69,0.48
6152,百一,8.92,8.99,8.88,8.88,0.0,0.67
4924,欣厚-KY,12.8,12.8,12.65,12.65,0.0,0.41
2360,致茂,162.0,164.5,154.5,158.0,0.0,0.56
2355,敬鵬,30.05,30.6,30.0,30.0,3.13,0.7
6558,興能高,26.25,26.65,26.0,26.05,0.0,0.44
3062,建漢,22.85,23.3,22.6,22.85,5.13,0.44
3607,谷崧,12.45,12.85,12.55,12.6,15.79,0.56
2897,王道銀行,9.67,9.86,9.68,9.76,31.82,0.24
3406,玉晶光,384.0,395.0,384.0,393.5,0.0,0.7
8499,鼎炫-KY,115.5,116.5,113.5,114.0,28.57,0.37
4916,事欣科,26.1,26.65,26.15,26.25,0.0,0.46
6276,安鈦克,17.2,17.3,17.0,17.15,0.0,0.75
6266,泰詠,23.1,23.45,22.85,22.95,0.0,0.54
2316,楠梓電,28.5,28.9,28.45,28.7,23.81,0.27
3402,漢科,46.9,47.25,46.3,46.4,0.0,0.68
4989,榮科,37.75,37.85,36.95,37.0,7.84,0.42
8086,宏捷科,92.1,94.0,89.4,89.8,0.0,0.44
4721,美琪瑪,133.0,136.0,131.0,133.5,0.0,0.64
3306,鼎天,24.45,24.45,23.8,24.0,0.0,0.51
1783,和康生,40.25,40.4,38.7,38.7,14.77,0.5
1440,南紡,20.45,20.85,20.3,20.85,0.0,0.77
6161,捷波,32.8,33.3,32.8,32.95,0.0,0.49
2377,微星,119.0,122.5,118.5,121.0,30.0,0.35
2364,倫飛,19.6,19.6,19.6,19.6,0.0,0.5517619047619048
2597,潤弘,122.0,132.5,123.0,128.0,35.0,0.64
2458,義隆,150.5,153.0,150.0,150.5,0.0,0.54
3042,晶技,92.3,93.3,90.6,90.9,0.0,0.31
3047,訊舟,10.6,10.9,10.6,10.85,0.0,0.66
3131,弘塑,286.0,289.0,286.0,288.0,0.0,0.41
6148,驊宏資,13.55,13.55,13.45,13.45,0.0,0.48
1516,川飛,26.0,26.8,26.0,26.15,18.45,0.58
2064,晉椿,26.35,26.9,25.1,25.3,0.0,0.4
3363,上詮,26.95,27.3,26.7,26.7,0.0,0.49
3687,歐買尬,148.0,153.0,146.0,148.0,43.24,0.51
3122,笙泉,52.0,53.4,51.0,51.0,0.0,0.53
8092,建暐,10.25,10.5,10.1,10.3,20.0,0.63
4303,信立,21.6,21.75,21.45,21.7,10.26,0.34
3518,柏騰,19.5,19.9,19.3,19.45,0.0,0.61
2467,志聖,44.2,44.45,43.8,44.25,0.0,0.71
2505,國揚,20.85,21.1,20.7,20.75,5.88,0.51
5011,久陽,36.7,37.35,36.35,36.4,0.0,0.44
2374,佳能,23.25,24.3,23.55,23.6,0.0,0.7
1595,川寶,37.85,37.2,36.75,36.8,0.0,0.51
6153,嘉聯益,21.5,21.7,20.9,20.9,0.0,0.68
1711,永光,23.35,23.55,22.65,22.7,5.77,0.68
3709,鑫聯大投控,33.2,32.75,29.9,29.9,1.1,0.21
2380,虹光,10.15,10.9,9.98,10.8,0.0,0.75
3138,耀登,157.0,161.5,158.0,158.0,0.0,0.68
4952,凌通,70.9,71.8,70.2,70.2,0.0,0.42
3563,牧德,187.5,191.0,187.5,189.5,0.0,0.63
5225,東科-KY,21.9,22.05,21.6,21.75,0.0,0.52
6727,亞泰金屬,68.1,68.4,67.5,67.6,11.11,0.26
5904,寶雅,384.0,372.5,353.5,355.0,56.52,0.19
4939,亞電,21.3,21.65,21.2,21.25,0.0,0.65
2241,艾姆勒,40.0,40.6,40.0,40.3,0.0,0.53
3663,鑫科,28.7,29.15,28.2,28.25,0.0,0.24
3071,協禧,24.3,24.3,23.95,24.0,0.0,0.44
6667,信紘科,79.0,80.7,78.8,79.7,0.0,0.55
1802,台玻,22.75,22.95,22.5,22.55,0.0,0.58
8024,佑華,23.5,23.65,22.85,22.9,4.55,0.45
3535,晶彩科,19.5,19.6,19.0,19.0,0.0,0.48
3490,單井,28.0,28.7,27.9,28.1,2.0,0.58
4552,力達-KY,29.35,29.55,29.3,29.5,16.67,0.31
2008,高興昌,18.0,18.0,17.5,17.5,0.0,0.47
1338,廣華-KY,50.7,52.1,50.6,51.0,0.0,0.61
3357,臺慶科,111.0,112.0,106.0,108.0,0.0,0.58
3031,佰鴻,19.3,19.65,19.15,19.15,0.0,0.47
2033,佳大,22.15,22.55,21.05,21.2,0.0,0.44
6207,雷科,30.8,31.1,30.35,30.45,0.0,0.53
2924,東凌-KY,30.1,30.1,30.1,30.1,8.0,0.69
1455,集盛,14.45,14.6,14.25,14.5,0.0,0.77
4760,勤凱,71.6,72.6,69.0,69.7,3.8,0.55
1590,亞德客-KY,805.0,835.0,801.0,806.0,0.0,0.43
3594,磐儀,23.1,23.45,23.0,23.0,35.29,0.44
3680,家登,217.0,229.5,216.0,216.0,33.33,0.28
6523,達爾膚,83.0,83.7,82.9,82.9,4.17,0.27
2032,新鋼,31.45,32.2,30.05,30.05,0.0,0.54
6230,超眾,108.5,119.0,111.0,119.0,90.04,0.62
6509,聚和,51.9,52.4,50.0,50.2,0.0,0.62
2408,南亞科,64.3,64.9,63.7,64.2,57.14,0.76
4946,辣椒,74.1,75.7,72.9,72.9,0.0,0.49
5538,東明-KY,52.1,52.8,51.5,52.2,0.0,0.53
5607,遠雄港,51.8,53.5,52.3,52.8,0.0,0.39
6158,禾昌,31.85,32.55,31.45,32.0,3.51,0.52
3043,科風,4.25,4.3,4.1,4.13,23.08,0.3
1459,聯發,10.55,10.65,10.3,10.3,0.0,0.64
6103,合邦,6.9,7.49,6.61,6.69,0.0,0.5
2017,官田鋼,17.6,17.75,17.15,17.2,0.0,0.73
2065,世豐,46.3,46.6,46.25,46.3,0.0,0.49
3095,及成,2.93,2.94,2.9,2.91,33.33,0.64
3437,榮創,20.75,21.5,20.6,20.75,0.0,0.71
2049,上銀,219.0,222.0,217.0,217.0,6.06,0.54
3264,欣銓,44.8,45.2,44.0,44.0,0.0,0.59
1815,富喬,13.55,13.7,13.2,13.45,0.0,0.37
8201,無敵,11.35,12.45,11.4,12.45,0.0,0.74
4702,中美實,15.95,16.4,15.6,16.05,0.0,0.71
2399,映泰,19.7,19.9,19.0,19.0,2.5,0.52
6288,聯嘉,23.3,23.55,23.1,23.15,18.92,0.61
2015,豐興,85.4,85.6,84.0,84.1,0.0,0.7
5498,凱崴,10.8,10.85,10.65,10.75,0.0,0.5
3706,神達,27.95,28.2,27.95,28.0,0.0,0.34
1905,華紙,19.85,20.0,19.4,19.5,0.0,0.57
3551,世禾,62.4,63.2,62.1,62.9,0.0,0.43
8110,華東,14.95,15.1,14.75,14.85,0.0,0.64
6654,天正國際,65.5,66.0,65.2,65.2,0.0,0.63
3051,力特,20.65,21.2,20.0,20.0,0.0,0.49
2369,菱生,21.9,22.25,21.6,21.6,0.0,0.6
4743,合一,199.0,200.5,195.0,196.5,0.0,0.5
6151,晉倫,32.7,33.0,32.4,32.5,0.0,0.52
8271,宇瞻,41.3,41.95,41.3,41.8,53.85,0.56
1591,駿吉-KY,19.6,20.05,19.6,19.6,0.0,0.58
6472,保瑞,158.0,159.0,152.5,154.0,4.88,0.55
2009,第一銅,41.7,41.9,39.0,39.7,21.48,0.55
3346,麗清,32.45,32.9,32.25,32.3,0.0,0.55
6593,台灣銘板,35.0,35.95,35.2,35.8,2.5,0.68
6223,旺矽,90.1,91.5,89.9,89.9,12.5,0.63
1471,首利,6.74,6.83,6.73,6.75,0.0,0.53
6278,台表科,102.0,103.0,100.5,101.5,7.41,0.49
1316,上曜,17.45,17.75,17.4,17.75,2.17,0.78
8103,瀚荃,40.2,40.65,40.0,40.2,18.56,0.55
2007,燁興,18.2,18.5,17.7,17.7,0.0,0.39
5234,達興材料,99.8,101.5,100.0,100.5,0.0,0.65
3653,健策,370.0,376.0,339.0,339.0,3.79,0.48
8277,商丞,10.35,10.6,10.35,10.35,0.0,0.53
1515,力山,41.05,41.4,40.7,40.9,0.0,0.3
8415,大國鋼,35.25,35.95,34.9,35.8,0.0,0.64
6419,京晨科,27.0,28.65,26.8,28.25,25.47,0.85
5340,建榮,28.5,28.45,27.6,27.9,0.0,0.41
3625,西勝,19.0,19.2,18.75,18.9,0.0,0.46
4558,寶緯,40.35,40.6,40.15,40.45,0.0,0.37
3349,寶德,19.2,19.4,19.1,19.4,6.67,0.61
3036,文曄,70.1,72.9,70.3,72.8,0.0,0.66
5272,笙科,30.65,32.1,31.1,31.8,0.0,0.69
4131,晶宇,13.85,13.6,13.1,13.1,2.44,0.63
1529,樂士,22.3,23.0,22.05,22.2,0.0,0.44
2486,一詮,39.45,40.05,38.75,39.5,0.0,0.62
5215,科嘉-KY,56.2,57.0,54.9,55.1,7.46,0.45
3325,旭品,14.6,14.6,14.3,14.5,0.0,0.66
3390,旭軟,17.0,17.1,16.9,16.9,0.0,0.49
6438,迅得,104.5,110.0,106.0,108.5,0.0,0.59
2491,吉祥全,17.35,17.75,17.1,17.15,0.0,0.7
2023,燁輝,22.3,22.55,21.6,21.65,0.0,0.59
2250,IKKA-KY,85.8,86.8,85.7,85.7,0.0,0.46
6590,普鴻,59.0,59.3,59.0,59.3,21.43,0.59
2712,遠雄來,32.1,32.5,32.1,32.2,16.22,0.38
4416,三圓,95.7,95.1,94.0,94.6,0.0,0.34
3202,樺晟,15.5,15.5,14.9,15.15,2.44,0.89
6289,華上,2.75,2.91,2.77,2.91,0.0,0.71
3218,大學光,220.5,236.5,221.0,234.5,4.94,0.6
4739,康普,135.0,137.0,131.5,132.5,0.0,0.54
6525,捷敏-KY,78.8,79.7,78.0,78.1,12.79,0.52
6231,系微,89.6,93.8,88.6,92.7,0.0,0.61
2461,光群雷,20.55,21.0,20.6,20.8,0.0,0.7
3701,大眾控,52.5,53.5,49.8,49.8,0.0,0.4
2038,海光,30.25,30.8,29.85,29.85,0.0,0.74
3035,智原,248.5,255.0,242.0,242.5,13.21,0.43
6732,昇佳電子,368.0,374.5,365.0,367.5,0.0,0.46
8182,加高,43.5,43.65,42.8,43.35,0.0,0.48
6792,詠業,110.0,112.5,109.5,110.5,11.11,0.52
5245,智晶,62.5,63.6,61.5,62.6,0.0,0.37
6409,旭隼,1290.0,1315.0,1225.0,1275.0,11.11,0.63
3455,由田,84.9,85.8,83.0,84.0,0.0,0.63
2454,聯發科,837.0,837.0,825.0,833.0,3.33,0.45
1313,聯成,16.7,17.3,16.8,17.05,15.38,0.78
6138,茂達,197.0,201.5,196.0,196.0,15.79,0.12
8101,華冠,2.42,2.45,2.42,2.45,0.0,0.5
3438,類比科,66.1,66.3,65.0,65.5,0.0,0.59
2303,聯電,45.5,46.1,45.25,45.75,0.0,0.29
8418,捷必勝-KY,10.2,10.2,10.05,10.2,20.0,0.09
6465,威潤,22.05,22.2,21.3,22.05,26.67,0.43
2010,春源,22.9,23.05,22.0,22.0,0.0,0.46
5244,弘凱,36.85,36.8,36.4,36.5,0.0,0.57
2231,為升,136.0,140.5,136.0,137.5,0.0,0.38
3491,昇達科,156.0,160.0,151.0,151.5,3.08,0.36
3322,建舜電,20.0,20.55,19.9,19.9,0.0,0.37
3484,崧騰,63.9,65.8,63.9,64.0,0.0,0.45
3591,艾笛森,17.35,17.55,17.2,17.2,0.0,0.72
5321,美而快,133.0,133.5,120.0,122.0,13.95,0.14
6275,元山,34.3,34.4,34.0,34.05,3.23,0.65
4564,元翎,31.4,31.8,31.15,31.15,0.0,0.49
8105,凌巨,10.75,10.8,10.6,10.75,7.69,0.34
6651,全宇昕,85.0,85.6,83.1,83.1,0.0,0.56
4534,慶騰,11.2,11.25,10.85,11.0,0.0,0.62
6203,海韻電,54.6,55.0,54.4,54.4,13.64,0.19
4956,光鋐,20.45,20.65,20.0,20.05,0.0,0.45
3059,華晶科,36.8,38.1,37.2,37.5,0.0,0.47
3383,新世紀,6.5,6.76,6.22,6.76,42.0,0.76
3034,聯詠,374.5,379.0,374.0,376.0,11.22,0.38
2324,仁寶,22.2,22.6,22.25,22.6,1.72,0.56
6560,欣普羅,67.8,68.6,67.8,68.0,0.0,0.61
3189,景碩,178.0,184.5,168.5,168.5,11.11,0.57
6706,惠特,160.5,164.0,160.0,161.5,0.0,0.56
6224,聚鼎,88.0,89.2,86.5,87.7,0.0,0.66
3707,漢磊,110.0,113.5,108.0,110.0,0.0,0.56
5471,松翰,77.0,77.7,76.1,76.1,0.0,0.61
3526,凡甲,165.5,168.0,164.0,164.5,0.0,0.53
2376,技嘉,107.0,110.5,107.0,108.5,0.0,0.74
5306,桂盟,163.5,164.0,159.5,161.0,0.0,0.5
8080,永利聯合,14.15,14.15,14.15,14.15,100.0,0.97
3515,華擎,164.0,167.0,159.0,167.0,9.09,0.43
3308,聯德,13.6,13.8,13.3,13.55,10.53,0.63
6165,浪凡,28.55,29.0,28.2,28.4,0.0,0.48
2732,六角,96.3,98.2,95.7,98.0,0.0,0.77
3504,揚明光,65.1,68.0,66.1,66.9,0.0,0.64
2477,美隆電,24.55,24.85,24.45,24.7,0.0,0.59
8016,矽創,256.0,260.0,252.0,252.0,0.0,0.56
2460,建通,22.3,22.8,21.8,21.85,0.0,0.59
1810,和成,14.05,14.25,14.1,14.1,0.0,0.67
3338,泰碩,43.85,45.0,44.0,44.35,0.0,0.51
6213,聯茂,101.5,103.0,101.0,102.0,15.0,0.3
3018,同開,17.2,18.7,17.2,17.55,11.11,0.51
6672,騰輝電子-KY,97.0,98.4,96.1,96.1,0.0,0.34
5344,立衛,19.0,19.9,19.1,19.55,0.0,0.64
3167,大量,57.9,58.4,57.6,57.6,0.0,0.34
3014,聯陽,96.2,97.0,96.0,96.0,0.0,0.28
3037,欣興,202.0,208.0,197.0,199.5,7.14,0.62
3548,兆利,60.9,61.9,60.4,61.1,0.0,0.49
3605,宏致,41.9,42.75,41.9,42.4,0.0,0.53
2492,華新科,121.5,123.0,119.5,121.0,0.0,0.51
2498,宏達電,48.75,50.0,49.0,49.8,0.0,0.5
8436,大江,173.0,175.5,171.0,171.0,0.0,0.59
2104,中橡,23.15,23.45,23.15,23.35,23.81,0.28
6435,大中,131.5,133.5,130.0,130.5,9.68,0.35
3227,原相,116.5,119.5,116.0,117.5,0.0,0.47
8081,致新,203.0,205.5,200.0,202.5,11.11,0.58
2379,瑞昱,392.0,393.5,380.0,381.0,15.0,0.33
1721,三晃,20.9,21.3,20.15,20.15,2.13,0.33
6698,旭暉應材,38.25,38.9,37.95,38.05,0.0,0.58
3527,聚積,140.5,143.0,139.0,139.0,0.0,0.34
6240,松崗,20.1,21.25,19.75,20.3,0.0,0.44
6271,同欣電,237.5,241.5,236.0,237.0,6.94,0.3
3691,碩禾,158.0,160.5,153.0,153.0,0.0,0.69
6693,廣閎科,79.5,82.5,79.6,80.3,0.0,0.53
2329,華泰,18.65,19.35,18.8,18.95,0.0,0.41
6175,立敦,36.7,37.2,36.2,36.35,0.0,0.47
8930,青鋼,16.3,16.75,16.2,16.25,0.0,0.49
6679,鈺太科技,351.5,358.0,337.0,351.5,8.06,0.62
3312,弘憶股,23.3,23.6,23.3,23.4,0.0,0.7
3008,大立光,1685.0,1715.0,1655.0,1655.0,60.0,0.75
6120,達運,10.75,10.95,10.7,10.75,0.0,0.47
3714,富采,59.1,60.2,59.1,59.2,0.0,0.51
6282,康舒,29.2,29.65,29.15,29.2,0.0,0.2
6683,雍智科技,228.0,230.0,221.5,223.5,7.55,0.38
2323,中環,8.87,9.14,8.94,9.03,0.0,0.55
4755,三福化,170.0,176.0,168.5,171.5,0.0,0.73
5236,凌陽創新,113.0,115.0,111.5,112.5,0.0,0.65
6167,久正,11.35,11.35,10.95,11.0,0.0,0.65
4162,智擎,85.8,87.2,82.0,82.0,13.83,0.34
3372,典範,16.25,16.5,16.0,16.3,0.0,0.63
3058,立德,11.85,12.1,11.3,11.35,0.0,0.31
8261,富鼎,99.5,101.0,94.5,94.5,0.0,0.65
2359,所羅門,23.75,24.3,22.7,23.7,0.0,0.7
2342,茂矽,36.15,36.6,36.1,36.1,4.23,0.26
2465,麗臺,57.3,58.4,55.0,55.0,44.17,0.16
3094,聯傑,29.2,29.55,29.0,29.1,0.0,0.35
8111,立碁,23.1,23.35,22.8,22.9,0.0,0.46
3583,辛耘,75.3,77.1,74.5,76.9,0.0,0.82
3049,和鑫,11.7,11.85,11.6,11.65,0.0,0.46
2426,鼎元,22.15,22.45,21.9,21.9,0.0,0.72
5274,信驊,2585.0,2730.0,2405.0,2485.0,4.84,0.4
2462,良得電,28.55,29.25,28.65,28.85,0.0,0.57
8358,金居,60.5,61.2,59.5,59.5,0.0,0.45
3684,榮昌,46.65,48.0,45.5,46.05,0.0,0.63
2022,聚亨,11.5,11.65,11.15,11.25,0.0,0.81
4919,新唐,149.0,153.0,143.5,143.5,0.0,0.54
3005,神基,46.1,46.3,46.0,46.1,5.88,0.64
3260,威剛,71.7,72.7,71.6,71.9,3.57,0.41
5347,世界,103.0,104.5,101.5,102.0,0.0,0.6
6412,群電,69.8,70.5,69.7,70.0,0.0,0.56
6538,倉和,73.0,73.5,71.9,72.4,7.14,0.28
3540,曜越,30.25,30.8,30.0,30.0,0.0,0.75
6229,研通,34.2,35.15,33.9,34.4,0.0,0.65
2102,泰豐,22.85,23.05,22.6,22.7,0.0,0.54
4745,合富-KY,31.2,31.7,29.45,30.15,3.16,0.52
8431,匯鑽科,60.4,61.3,59.2,60.1,0.0,0.53
6741,91APP*-KY,136.0,141.0,133.5,133.5,0.0,0.33
3555,重鵬,32.45,33.15,31.45,31.45,11.11,0.58
2014,中鴻,40.9,41.05,39.35,39.4,0.0,0.45
5227,立凱-KY,68.5,69.4,67.1,67.5,23.3,0.59
8121,越峰,31.5,32.5,31.1,31.15,0.0,0.72
5371,中光電,59.2,60.4,58.8,58.8,0.0,0.46
2358,廷鑫,20.35,20.7,20.0,20.25,0.0,0.55
3628,盈正,44.25,47.3,44.6,46.15,0.0,0.63
8299,群聯,385.5,395.0,383.5,393.0,0.0,0.71
3536,誠創,4.61,4.89,4.53,4.69,0.0,0.76
6228,全譜,19.05,19.6,18.85,18.85,0.0,0.42
4503,金雨,24.55,25.1,24.15,24.15,60.0,0.66
2340,台亞,42.1,43.1,42.2,42.25,0.0,0.33
3228,金麗科,315.5,322.5,310.5,313.5,8.99,0.5
3419,譁裕,17.15,17.4,16.85,17.0,0.0,0.47
3339,泰谷,15.85,16.15,15.6,15.75,0.0,0.4
6116,彩晶,13.0,13.2,12.8,13.05,0.0,0.49
6129,普誠,29.25,29.95,28.95,29.05,0.0,0.42
3481,群創,14.65,14.75,13.95,13.95,0.0,0.7
3672,康聯訊,33.0,33.0,31.5,31.5,18.58,0.51
3624,光頡,73.5,76.6,71.5,71.5,0.0,0.52
2482,連宇,11.95,12.1,11.9,12.0,0.0,0.53
6425,易發,20.3,20.9,19.8,20.1,0.0,0.53
5483,中美晶,148.0,151.0,145.0,146.0,3.03,0.85
3508,位速,34.4,35.6,34.15,34.55,0.0,0.5
6127,九豪,21.8,22.2,21.7,21.85,0.0,0.6
8401,白紗科,16.15,16.25,16.05,16.2,0.0,0.74
4976,佳凌,44.6,46.0,44.0,44.2,0.85,0.7
4961,天鈺,176.0,180.0,172.5,172.5,0.0,0.74
4414,如興,5.08,5.18,5.06,5.07,0.0,0.59
2409,友達,17.7,17.8,17.0,17.0,0.0,0.54
3661,世芯-KY,821.0,854.0,797.0,801.0,7.55,0.37
6510,精測,518.0,522.0,508.0,510.0,0.0,0.24
9955,佳龍,26.2,27.2,25.45,25.5,0.0,0.42
8054,安國,48.5,49.4,47.8,48.2,0.0,0.53
6491,晶碩,402.5,411.0,394.5,394.5,0.0,0.7
3219,倚強,93.0,95.2,92.6,93.1,30.9,0.49
2338,光罩,74.5,76.0,73.7,74.7,0.0,0.57
6196,帆宣,123.5,128.0,124.5,125.5,0.0,0.57
6204,艾華,58.0,58.3,57.3,57.6,0.0,0.52
5301,寶得利,12.25,12.8,11.9,11.9,0.0,0.42
2006,東和鋼鐵,65.4,66.2,63.5,64.0,0.0,0.4
2841,台開,2.68,2.68,2.68,2.68,0.0,0.84
4923,力士,66.6,67.3,65.9,66.6,0.0,0.7
2476,鉅祥,45.6,47.5,46.15,46.85,0.0,0.56
6130,星寶國際,42.9,43.45,42.2,42.25,13.62,0.54
2375,凱美,63.2,65.6,63.4,65.1,0.0,0.69
3259,鑫創,19.0,19.0,18.6,18.6,3.45,0.21
8996,高力,52.9,53.9,52.4,53.1,16.67,0.65
8046,南電,406.5,419.0,403.0,406.0,0.0,0.8
6488,環球晶,549.0,558.0,531.0,531.0,0.0,0.45
6643,M31,266.5,273.0,260.5,266.0,0.0,0.45
2388,威盛,51.3,52.5,51.2,51.2,0.0,0.44
3545,敦泰,118.5,125.0,119.0,119.0,0.0,0.5
6494,九齊,119.0,122.0,117.0,117.0,0.0,0.56
8444,綠河-KY,86.2,86.8,77.6,77.7,0.67,0.32
3016,嘉晶,95.5,97.9,95.0,95.0,0.0,0.43
2455,全新,93.6,95.4,93.1,93.1,28.79,0.34
3317,尼克森,55.4,56.5,54.6,54.8,0.0,0.46
3081,聯亞,145.0,149.0,145.0,147.0,0.0,0.64
2481,強茂,78.7,80.2,76.4,77.0,0.0,0.35
3666,光耀,21.5,21.95,21.5,21.9,15.79,0.57
8104,錸寶,50.5,52.3,50.2,51.2,0.0,0.54
2344,華邦電,27.0,27.35,26.7,26.95,29.41,0.62
8091,翔名,74.3,76.8,74.7,75.4,0.0,0.62
6485,點序,117.5,121.0,116.0,116.5,13.04,0.4
6582,申豐,113.0,114.0,108.5,109.0,0.0,0.53
2436,偉詮電,71.6,73.0,69.3,69.3,0.0,0.49
5222,全訊,130.5,132.0,128.0,128.5,0.0,0.6
3041,揚智,27.0,27.45,26.75,26.8,0.0,0.52
6202,盛群,95.1,97.1,94.0,94.0,7.87,0.24
8077,洛碁,9.8,9.8,9.5,9.5,0.0,0.54
4304,勝昱,12.6,11.95,11.35,11.35,0.0,0.4
6515,穎崴,351.5,357.0,347.0,351.0,2.13,0.7
3443,創意,406.0,413.0,387.0,391.0,10.45,0.5
3288,點晶,12.5,13.05,12.5,13.0,51.85,0.51
4944,兆遠,15.45,15.5,15.2,15.2,54.55,0.33
3324,雙鴻,162.0,167.0,158.5,160.0,14.29,0.58
4934,太極,24.0,24.25,23.6,23.7,7.02,0.28
5351,鈺創,64.1,65.5,62.0,62.0,5.38,0.3
6233,旺玖,22.3,23.2,22.0,22.4,0.0,0.54
8155,博智,144.5,149.5,143.0,146.0,0.0,0.57
4945,陞達科技,68.4,70.7,68.0,68.9,0.0,0.52
6265,方土昶,10.9,11.2,10.7,10.8,0.0,0.59
3105,穩懋,221.5,223.0,213.5,217.0,0.0,0.74
2108,南帝,53.4,54.7,52.6,53.9,0.0,0.53
6531,愛普,251.5,257.5,246.0,247.5,17.92,0.38
6237,驊訊,53.7,55.3,53.4,53.9,0.0,0.66
6719,力智,485.0,493.5,465.5,470.0,0.0,0.44
6415,矽力-KY,2795.0,2790.0,2520.0,2560.0,22.66,0.36
5269,祥碩,1450.0,1500.0,1390.0,1400.0,14.04,0.79
5383,金利,29.05,29.3,28.1,28.3,0.0,0.5
6533,晶心科,333.0,336.5,308.5,308.5,0.0,0.43
6150,撼訊,110.5,114.0,108.0,111.0,6.25,0.59
6804,明係,48.65,50.5,49.3,49.3,57.85,0.46
6418,詠昇,14.65,14.7,14.3,14.35,0.0,0.75
3066,李洲,33.6,35.5,33.6,33.8,0.0,0.45
8450,霹靂,28.85,29.8,28.5,28.55,0.0,0.55
6568,宏觀,157.0,160.5,149.5,151.5,16.67,0.57
8040,九暘,50.0,51.0,49.0,49.0,0.0,0.44
3211,順達,83.8,84.2,82.1,82.3,4.76,0.43
6187,萬潤,105.5,107.0,102.5,104.5,0.0,0.68
6411,晶焱,137.0,139.0,132.5,132.5,0.0,0.48
5475,德宏,15.55,16.05,15.6,15.8,6.67,0.55
3141,晶宏,133.0,136.0,131.5,132.0,0.0,0.6
3588,通嘉,106.0,109.0,101.5,101.5,3.03,0.43
8255,朋程,174.5,178.5,169.5,170.0,0.0,0.64
6743,安普新,47.4,48.85,47.6,48.0,0.0,0.55
3710,連展投控,10.9,11.2,10.6,10.7,10.0,0.52
6182,合晶,54.2,56.5,54.6,54.7,8.22,0.5
4966,譜瑞-KY,1320.0,1350.0,1305.0,1310.0,2.22,0.63
6756,威鋒電子,305.5,314.5,300.0,300.0,13.71,0.49
3006,晶豪科,121.5,125.0,121.0,122.0,0.0,0.37
6104,創惟,199.5,207.0,197.0,203.5,3.28,0.76
6781,AES-KY,931.0,946.0,896.0,911.0,17.8,0.41
6763,綠界科技,521.0,538.0,515.0,524.0,15.31,0.51
3465,進泰電子,98.3,102.5,100.0,102.0,0.0,0.66
4912,聯德控股-KY,125.0,127.0,112.5,112.5,0.0,0.44
6788,華景電,112.5,116.0,112.0,113.5,30.23,0.43
6457,紘康,105.0,108.5,101.0,103.5,12.5,0.35
3169,亞信,153.5,157.5,147.0,148.0,2.78,0.38
2906,高林,17.8,19.0,17.5,17.5,0.0,0.49
6259,百徽,30.1,31.1,28.5,28.5,0.0,0.33
3529,力旺,1125.0,1145.0,1065.0,1105.0,7.23,0.57
4930,燦星網,28.05,28.25,27.8,27.8,0.0,0.4
1432,大魯閣,11.55,11.75,11.25,11.3,16.22,0.54
3532,台勝科,212.5,217.0,202.0,202.5,0.0,0.34
